                                   43 湖南省2024年地方政府债务限额及余额决算情况表
                                                                                                                   单位：亿元
                                    2024年债务限额                                            2024年债务余额（决算数）
      地    区
                                      一般债务               专项债务                                一般债务             专项债务
       公   式   A=B+C                    B                 C               D=E+F                E               F
湖南省                    24,097.31             8,537.02         15,560.29       21,246.85            8,381.76        12,865.09
 湖南省本级                 5,351.65              2,023.48         3,328.16            2,654.19         1,905.62          748.57
 长沙市                   3,248.98                 775.70        2,473.27            3,211.59          774.46         2,437.13
  长沙市本级                1,400.61                 328.60        1,072.00            1,377.43          328.57         1,048.86
  芙蓉区                     78.35                 43.65            34.70              77.35            43.65            33.70
  天心区                     67.91                 37.36            30.55              67.54            37.36            30.18
  岳麓区                    103.64                 44.61            59.03             103.64            44.61            59.03
  开福区                     86.15                 28.25            57.90              85.86            27.97            57.90
  雨花区                     83.98                 39.06            44.92              83.71            38.79            44.92
  望城区                    295.88                 44.81           251.08             292.05            44.80           247.25
  长沙县                    592.37                 50.66           541.71             589.76            50.66           539.10
  宁乡市                    244.78                 55.31           189.47             241.77            54.79           186.98
  浏阳市                    295.30                 103.39          191.91             292.48           103.27           189.21
 株洲市                   1,455.80                 425.08        1,030.72            1,443.86          420.61         1,023.25
  株洲市本级                  644.86                 114.73          530.13             642.23           114.72           527.51
  荷塘区                     54.27                  8.59            45.68              53.69             8.54            45.15
  芦淞区                     41.16                  6.64            34.52              40.89             6.64            34.25
  石峰区                     57.96                 15.93            42.04              57.66            15.93            41.73
  天元区                    132.97                 53.16            79.82             131.16            52.99            78.17
  渌口区                     80.17                 18.83            61.34              79.20            18.07            61.13
  攸县                     143.66                 57.75            85.91             142.80            57.42            85.39
  茶陵县                     84.89                 30.43            54.47              84.29            30.37            53.92
  炎陵县                     35.23                 19.49            15.74              34.98            19.48            15.50
  醴陵市                    180.63                 99.53            81.10             176.95            96.45            80.50
 湘潭市                   2,090.92                 852.26        1,238.65            2,085.74          848.78         1,236.96
  湘潭市本级                1,563.04                 682.25          880.79            1,560.17          679.38           880.79
  雨湖区                     26.41                 10.64            15.77              26.24            10.47            15.77
  岳塘区                     89.99                 44.91            45.08              89.83            44.75            45.08
  湘潭县                    225.47                 56.18           169.29             224.96            56.18           168.78
  湘乡市                    133.88                 44.17            89.71             132.81            44.16            88.65
  韶山市                     52.13                 14.10            38.02              51.74            13.84            37.90
 衡阳市                   1,451.87                 484.85          967.02            1,444.03          482.83           961.20
  衡阳市本级                  722.70                 178.34          544.36             720.74           178.33           542.42
  珠晖区                     17.97                  6.03            11.94              17.83             5.89            11.94
  雁峰区                     10.87                  5.03             5.84              10.77             4.93             5.84
  石鼓区                     12.40                  4.49             7.91              12.32             4.41             7.91
  蒸湘区                     11.60                  4.93             6.67              11.51             4.84             6.67
  南岳区                     21.70                  5.42            16.28              21.52             5.25            16.28
  衡阳县                    125.39                 51.37            74.03             124.78            51.32            73.46
  衡南县                     91.80                 36.70            55.10              91.04            36.68            54.36
  衡山县                     49.04                 17.44            31.60              48.47            17.22            31.25
  衡东县                     64.43                 24.16            40.27              63.88            24.16            39.73
  祁东市                     81.23                 30.38            50.85              80.34            30.37            49.96
  耒阳市                    124.03                 62.57            61.46             123.03            61.80            61.22
  常宁市                    118.72                 57.99            60.73             117.81            57.64            60.17
 邵阳市                   1,198.01                 403.86          794.15            1,187.56          399.90           787.66
  邵阳市本级                  492.83                 86.49           406.33             491.18            86.23           404.94
  双清区                     17.11                  5.35            11.76              17.00             5.24            11.76
  大祥区                     23.17                 10.43            12.75              23.03            10.29            12.75
  北塔区                     12.15                  2.61             9.55              12.08             2.54             9.55
  邵东市                    109.36                 36.80            72.56             108.61            36.79            71.82
  新邵县                     81.62                 34.71            46.91              80.73            34.16            46.57
  邵阳县                     90.13                 43.87            46.26              88.97            42.71            46.26
  隆回县                     78.51                 39.41            39.10              76.91            39.40            37.51
  洞口县                     68.93                 37.70            31.22              67.78            37.44            30.33
  绥宁县                     54.66                 28.76            25.90              53.94            28.30            25.64
  新宁县                     57.53                 25.91            31.62              57.09            25.47            31.62
  城步苗族自治县                 42.41                 22.70            19.71              41.48            22.69            18.79
  武冈市                     69.60                 29.12            40.48              68.75            28.62            40.13
 岳阳市                   1,347.04                 425.02          922.02            1,327.97          421.64           906.33
  岳阳市本级                  641.43                 132.14          509.29             629.96           132.13           497.82
  岳阳楼区                    53.14                 15.90            37.23              52.89            15.66            37.23
  云溪区                     28.76                 18.64            10.12              28.56            18.64             9.92
  君山区                     36.08                 17.92            18.16              35.72            17.57            18.16
  岳阳县                     76.45                 33.67            42.78              75.70            33.18            42.52
  华容县                     72.43                 29.15            43.28              71.46            28.30            43.16
  湘阴县                     98.35                 45.62            52.73              96.12            45.62            50.51
  平江县                    135.99                 62.69            73.30             135.14            61.85            73.30
  汨罗市                    119.01                 44.81            74.20             118.20            44.33            73.87
  临湘市                     85.40                 24.46            60.93              84.22            24.37            59.85
 常德市                   1,392.36                 558.94          833.42            1,382.17          556.54           825.62
                                 2024年债务限额                                           2024年债务余额（决算数）
  地       区
                                   一般债务               专项债务                               一般债务            专项债务
      公   式   A=B+C                  B                 C              D=E+F                E              F
 常德市本级                 637.56                260.61          376.95            634.87           260.50          374.37
 武陵区                     31.17               11.84            19.33             30.87           11.54            19.33
 鼎城区                   115.70                33.69            82.01            115.19           33.26            81.92
 安乡县                     60.17               25.95            34.22             59.46           25.95            33.51
 汉寿县                     87.49               36.96            50.53             86.40           36.94            49.46
 澧县                      97.45               37.98            59.47             96.60           37.98            58.62
 临澧县                     79.07               41.36            37.71             78.74           41.24            37.50
 桃源县                   134.23                43.38            90.85            133.33           43.28            90.04
 石门县                     86.18               39.01            47.17             83.92           38.14            45.79
 津市市                     63.36               28.17            35.19             62.79           27.72            35.08
张家界市                   551.33                188.25          363.08            547.47           188.17          359.31
 张家界市本级                297.46                69.85           227.61            296.02           69.84           226.18
 永定区                     59.83               23.13            36.70             59.27           23.13            36.14
 武陵源区                    41.26               23.01            18.25             41.22           23.01            18.21
 慈利县                     90.04               40.76            49.27             88.79           40.70            48.09
 桑植县                     62.74               31.49            31.25             62.17           31.49            30.68
益阳市                    807.89                288.03          519.86            802.11           286.73          515.38
 益阳市本级                 318.87                83.61           235.26            317.05           83.42           233.62
 资阳区                     58.58               25.79            32.79             58.21           25.79            32.42
 赫山区                     75.28               22.22            53.06             74.57           21.74            52.83
 南县                      69.33               31.59            37.74             68.50           31.59            36.91
 桃江县                   102.45                34.39            68.06            101.87           33.81            68.06
 安化县                   104.85                51.15            53.71            104.02           51.12            52.91
 沅江市                     78.52               39.28            39.25             77.90           39.27            38.63
郴州市                   1,404.22               633.13          771.09           1,390.95          627.85          763.10
 郴州市本级                 410.81                112.79          298.02            407.44           112.79          294.65
 北湖区                     87.79               39.50            48.29             87.62           39.33            48.29
 苏仙区                   111.66                68.58            43.07            111.28           68.58            42.69
 桂阳县                   133.41                73.79            59.62            131.33           71.71            59.62
 宜章县                     91.72               43.18            48.54             90.61           43.11            47.50
 永兴县                     98.22               49.36            48.86             97.19           49.22            47.97
 嘉禾县                     77.22               36.80            40.42             76.53           36.80            39.73
 临武县                     74.05               29.91            44.14             73.13           29.47            43.66
 汝城县                   107.83                66.53            41.31            106.78           65.57            41.21
 桂东县                     40.17               20.91            19.26             39.27           20.11            19.16
 安仁县                     84.41               33.53            50.87             83.87           33.35            50.52
 资兴市                     86.93               58.23            28.69             85.91           57.82            28.10
永州市                   1,153.98               406.40          747.58           1,147.59          402.99          744.60
 永州市本级                 332.13                75.85           256.28            330.75           75.80           254.95
 零陵区                     79.07               24.68            54.39             78.78           24.39            54.39
 冷水滩区                    61.43               29.82            31.61             61.09           29.81            31.28
 祁阳市                   120.40                58.81            61.59            119.69           58.28            61.41
 东安县                     73.09               22.31            50.78             72.63           21.86            50.78
 双牌县                     43.48               19.61            23.87             42.87           19.51            23.35
 道县                      97.26               30.29            66.97             96.64           30.29            66.35
 江永县                     44.82               21.00            23.82             44.57           20.75            23.82
 宁远县                   105.66                34.35            71.31            105.07           33.76            71.31
 蓝山县                     56.68               17.40            39.28             56.37           17.09            39.28
 新田县                     61.12               32.92            28.20             60.73           32.53            28.20
 江华瑶族自治县                 78.83               39.35            39.48             78.41           38.93            39.48
怀化市                   1,157.88               428.43          729.45           1,147.63          427.41          720.23
 怀化市本级                 463.60                136.90          326.70            460.06           136.90          323.16
 鹤城区                     47.21               21.00            26.21             46.91           20.99            25.92
 中方县                     45.59               15.47            30.11             44.69           15.36            29.33
 沅陵县                     83.24               34.49            48.76             82.52           34.47            48.05
 辰溪县                     59.49               27.21            32.28             59.08           27.10            31.98
 溆浦县                     83.83               38.13            45.71             82.83           37.93            44.89
 会同县                     54.20               24.27            29.92             53.05           24.27            28.78
 麻阳苗族自治县                 53.37               22.67            30.70             52.80           22.55            30.25
 新晃侗族自治县                 47.61               21.00            26.61             47.32           20.91            26.41
 芷江侗族自治县                 56.23               21.46            34.77             55.88           21.45            34.42
 靖州苗族侗族自治县               37.73               14.89            22.84             37.42           14.88            22.54
 通道侗族自治县                 45.56               22.70            22.87             45.29           22.45            22.84
 洪江区                     19.57                8.77            10.80             19.47            8.77            10.70
 洪江市                     60.65               19.48            41.16             60.32           19.37            40.94
娄底市                    815.64                348.57          467.07            810.96           346.34          464.62
 娄底市本级                 329.65                122.50          207.14            327.34           122.34          205.00
 娄星区                     79.11               18.31            60.80             78.85           18.05            60.80
 双峰县                     92.69               44.57            48.12             92.20           44.09            48.12
 新化县                   145.35                76.62            68.73            144.58           76.16            68.42
 冷水江市                    68.95               41.18            27.77             68.65           40.87            27.77
 涟源市                     99.89               45.38            54.51             99.34           44.83            54.51
湘西土家族苗族自治州             669.74                295.00          374.74            663.03           291.90          371.13
 湘西自治州本级               122.72                39.16            83.56            121.37           38.32            83.05
                                     2024年债务限额                                       2024年债务余额（决算数）
    地    区
                                       一般债务              专项债务                            一般债务           专项债务
     公   式          A=B+C                B                C             D=E+F              E             F
  吉首市                       111.91               64.39          47.52           111.09          64.37          46.71
  泸溪县                        53.73               22.93          30.80           53.42           22.78          30.64
  凤凰县                        74.84               35.73          39.12           73.29           34.73          38.56
  花垣县                        50.18               20.92          29.27           49.74           20.62          29.12
  保靖县                        51.25               24.03          27.22           50.86           24.00          26.86
  古丈县                        38.33               15.84          22.49           37.83           15.53          22.30
  永顺县                        86.56               41.66          44.90           85.84           41.64          44.20
  龙山县                        80.22               30.35          49.87           79.59           29.91          49.68
注：1.本表反映上一年度本地区、本级及分地区地方政府债务限额及余额决算数。
2.本表由县级以上地方各级财政部门在同级人民代表大会常务委员会批准决算后二十日内公开。
                     2024年地方政府债务发行及还本付息情况表
                                                                    单位：亿元

                项目                         本地区                 本级
一、2023年末地方政府债务余额                                 18,216.60          2,230.10
 其中：一般债务                                          8,042.10          1,805.40
   专项债务                                          10,174.50            424.70
二、2023年地方政府债务限额                                  18,428.30          2,368.90
 其中：一般债务                                          8,213.00          1,944.20
   专项债务                                          10,215.30            424.70
三、2024年地方政府债务发行决算数                                4,262.07            142.06
   新增一般债券发行额                                        285.68            100.00
   再融资一般债券发行额                                       738.40              9.00
   新增专项债券发行额                                      1,424.00              8.73
   再融资专项债券发行额                                     1,804.70             24.33
   置换一般债券发行额                                          0.00              0.00
   置换专项债券发行额                                          0.00              0.00
   国际金融组织和外国政府贷款                                      9.30
四、2024年地方政府债务还本决算数                                2,614.96             35.90
   一般债务                                             745.56              9.00
   专项债务                                           1,869.40             26.90
五、2024年地方政府债务付息决算数                                  603.93             77.84
   一般债务                                             260.33             62.46
   专项债务                                             343.60             15.38
六、2024年末地方政府债务余额决算数                              21,246.85          2,654.19
 其中：一般债务                                          8,381.76          1,905.62
   专项债务                                          12,865.09            748.57
七、2024年地方政府债务限额                                  24,097.31          5,351.64
 其中：一般债务                                          8,537.02          2,023.48
   专项债务                                          15,560.29          3,328.16
注：本表由县级以上地方各级财政部门在同级人民代表大会常务委员会批准决算后二十日内公开 ，反映上一年度本地区 、本级地方政府债务限额及余额决算数 。
