             43 湖南省2019年地方政府债务限额及余额决算情况表
.                                                                   单位：亿元
                       2019年债务限额                   2019年债务余额（决算数）
     地 区
                        一般债务       专项债务                 一般债务      专项债务
    公   式   A=B+C          B         C       D=E+F        E         F
     湖南省    10228.96     6220.02   4008.94   10174.56   6197.74   3976.82
    湖南省本级    1903.77     1633.78    269.99   1871.59    1633.60   237.99
    市县小计    8325.19      4586.24   3738.95   8302.97    4564.14   3738.83
     长沙市    1823.82      610.72    1213.10   1823.30    610.20    1213.10
    长沙市本级    983.93      240.50    743.43     983.78    240.35    743.43
     芙蓉区      45.29       38.23      7.06      45.29     38.23     7.06
     天心区      36.00       29.63      6.37      36.00     29.63     6.37
     岳麓区      43.54       37.32      6.22      43.54     37.32     6.22
     开福区      28.99       21.61      7.38      28.99     21.61     7.38
     雨花区      40.05       32.62      7.43      40.05     32.62     7.43
     长沙县     266.50       39.80    226.70     266.50     39.80    226.70
     望城区      99.04       35.72     63.32      98.95     35.63     63.32
     宁乡市     151.33       48.02    103.31     151.13     47.82    103.31
     浏阳市     129.15       87.27     41.88     129.07     87.19     41.88
     株洲市     705.50      341.80    363.70     705.14    341.44    363.70
    株洲市本级    320.78       87.29    233.49     320.78     87.29    233.49
     荷塘区      19.40       5.29      14.11      19.40     5.29      14.11
     芦淞区      17.58       4.50      13.08      17.58     4.50      13.08
     石峰区      26.37       14.08     12.29      26.37     14.08     12.29
     天元区      36.07       30.92      5.15      36.07     30.92     5.15
     渌口区      30.29       14.25     16.04      30.29     14.25     16.04
      攸县      85.80       53.04     32.76      85.66     52.90     32.76
     茶陵县      26.68       22.91      3.77      26.68     22.91     3.77
     炎陵县      17.97       15.19      2.78      17.77     14.99     2.78
     醴陵市     124.56       94.33     30.23     124.54     94.31     30.23
     湘潭市     524.08      213.76    310.32     523.79    213.47    310.32
    湘潭市本级    309.47       96.63    212.84     309.47     96.63    212.84
     雨湖区      6.68        6.18       0.50      6.68      6.18      0.50
     岳塘区      8.97        6.09       2.88      8.97      6.09      2.88
     湘潭县      90.68       51.68     39.00      90.68     51.68     39.00
     湘乡市      88.58       40.16     48.42      88.29     39.87     48.42
     韶山市      19.70       13.02      6.68      19.70     13.02     6.68
     衡阳市     797.92      381.04    416.88     793.18    376.30    416.88
    衡阳市本级    467.49      155.65    311.84     467.49    155.65    311.84
     珠晖区      4.58        4.58       0.00      4.58      4.58      0.00
     雁峰区      2.89        2.12       0.77      2.89      2.12      0.77
     石鼓区      2.94        2.94       0.00      2.94      2.94      0.00
     蒸湘区      3.50        3.50       0.00      3.50      3.50      0.00
     南岳区      8.33        4.57       3.76      8.33      4.57      3.76
     衡阳县      75.35       47.29     28.06      73.58     45.52     28.06
     衡南县      33.77       26.17      7.60      33.15     25.55     7.60
     衡山县      19.77       14.23      5.54      19.55     14.01     5.54
     衡东县      22.53       15.02      7.51      22.53     15.02     7.51
     祁东县      34.57       19.69     14.88      34.57     19.69     14.88
     耒阳市      81.18       55.83     25.35      79.74     54.39     25.35
     常宁市      41.02       29.45     11.57      40.33     28.76     11.57
     邵阳市     454.37      293.73    160.64     454.29    293.65    160.64
    邵阳市本级    185.35       65.54    119.81     185.35     65.54    119.81
     双清区      4.11        3.93       0.18      4.11      3.93      0.18
     大祥区      7.80        7.70       0.10      7.80      7.70      0.10
     北塔区      1.76        1.49       0.27      1.76      1.49      0.27
     邵东市      31.60       26.90      4.70      31.59     26.89     4.70
                  2019年债务限额                      2019年债务余额（决算数）
 地 区
                   一般债务       专项债务                   一般债务      专项债务
  新邵县     33.98      26.88      7.10     33.96         26.86     7.10
  邵阳县     38.09      32.24      5.85     38.09         32.24     5.85
  隆回县     31.15      26.84      4.31     31.15         26.84     4.31
  洞口县     28.83      26.29      2.54     28.83         26.29     2.54
  绥宁县     23.72      21.60      2.12     23.72         21.60     2.12
  新宁县     21.09      17.39      3.70     21.06         17.36     3.70
  城步县     18.64      15.91      2.73     18.62         15.89     2.73
  武冈市     28.25      21.02      7.23     28.25         21.02     7.23
  岳阳市    550.25     322.71     227.54   549.31        321.77    227.54
岳阳市本级    282.80     107.97     174.83   282.70        107.87    174.83
 岳阳楼区     19.24      10.77      8.47     19.24         10.77     8.47
  云溪区     17.19      14.44      2.75     17.19         14.44     2.75
  君山区     17.70      14.36      3.34     17.70         14.36     3.34
  岳阳县     28.09      22.62      5.47     28.00         22.53     5.47
  华容县     28.74      19.10      9.64     28.50         18.86     9.64
  湘阴县     38.76      35.54      3.22     38.76         35.54     3.22
  平江县     52.75      45.46      7.29     52.64         45.35     7.29
  汨罗市     42.89      34.29      8.60     42.67         34.07     8.60
  临湘市     22.09      18.16      3.93     21.91         17.98     3.93
  常德市    585.23     455.16     130.07   583.84        453.77    130.07
常德市本级    307.99     229.92      78.07   307.97        229.90     78.07
  武陵区     9.41       8.61       0.80     9.41          8.61      0.80
  鼎城区     32.84      24.30      8.54     32.80         24.26     8.54
  安乡县     24.93      20.84      4.09     24.93         20.84     4.09
  汉寿县     35.82      29.96      5.86     35.45         29.59     5.86
   澧县     32.24      25.35      6.89     32.24         25.35     6.89
  临澧县     50.00      36.41      13.59    50.00         36.41     13.59
  桃源县     36.60      30.29      6.31     35.64         29.33     6.31
  石门县     30.38      26.59      3.79     30.38         26.59     3.79
  津市市     25.02      22.89      2.13     25.02         22.89     2.13
 张家界市    174.76     132.02      42.74   174.29        131.55     42.74
张家界市本级    84.47      48.61      35.86    84.25         48.39     35.86
  永定区     18.23      15.96      2.27     18.23         15.96     2.27
 武陵源区     21.17      20.47      0.70     21.17         20.47     0.70
  慈利县     31.46      29.20      2.26     31.21         28.95     2.26
  桑植县     19.43      17.78      1.65     19.43         17.78     1.65
  益阳市    359.15     213.76     145.39   358.29        212.90    145.39
益阳市本级    160.19      66.35      93.84   159.80         65.96     93.84
  资阳区     23.01      19.78      3.23     23.01         19.78     3.23
  赫山区     25.34      15.03      10.31    25.34         15.03     10.31
   南县     24.14      21.30      2.84     24.14         21.30     2.84
  桃江县     47.67      25.04      22.63    47.24         24.61     22.63
  安化县     45.63      35.89      9.74     45.59         35.85     9.74
  沅江市     33.17      30.37      2.80     33.17         30.37     2.80
  郴州市    753.24     536.48     216.76   747.60        530.84    216.76
郴州市本级    212.29      94.12     118.17   212.26         94.09    118.17
  北湖区     38.27      34.86      3.41     38.27         34.86     3.41
  苏仙区     55.59      50.50      5.09     55.59         50.50     5.09
  桂阳县     70.28      65.43      4.85     69.72         64.87     4.85
  宜章县     45.74      34.32      11.42    45.70         34.28     11.42
  永兴县     53.54      40.85      12.69    53.38         40.69     12.69
  嘉禾县     39.14      31.20      7.94     39.14         31.20     7.94
  临武县     29.38      25.75      3.63     29.13         25.50     3.63
  汝城县     81.53      62.25      19.28    81.52         62.24     19.28
  桂东县     18.65      16.80      1.85     18.51         16.66     1.85
  安仁县     50.72      27.31      23.41    50.70         27.29     23.41
                 2019年债务限额                      2019年债务余额（决算数）
 地 区
                  一般债务       专项债务                   一般债务      专项债务
 资兴市     58.11      53.09      5.02     53.68         48.66     5.02
 永州市    420.52     310.65     109.87   417.07        307.20    109.87
永州市本级   109.07      57.39      51.68   108.35         56.67     51.68
 零陵区     26.73      19.04      7.69     26.73         19.04     7.69
 冷水滩区    24.82      22.35      2.47     24.82         22.35     2.47
 祁阳县     56.30      48.66      7.64     55.72         48.08     7.64
 东安县     23.22      17.01      6.21     22.49         16.28     6.21
 双牌县     17.64      15.29      2.35     17.32         14.97     2.35
  道县     29.45      22.50      6.95     29.45         22.50     6.95
 江永县     17.17      13.43      3.74     17.17         13.43     3.74
 宁远县     28.76      24.93      3.83     28.65         24.82     3.83
 蓝山县     17.96      13.22      4.74     16.97         12.23     4.74
 新田县     31.56      28.22      3.34     31.56         28.22     3.34
 江华县     37.84      28.61      9.23     37.84         28.61     9.23
 怀化市    552.39     316.40     235.99   551.31        315.44    235.87
怀化市本级   282.78     109.18     173.60   282.78        109.18    173.60
 鹤城区     22.14      16.59      5.55     22.01         16.46     5.55
 中方县     17.81      10.11      7.70     17.55         9.86      7.69
 沅陵县     29.65      21.80      7.85     29.49         21.75     7.74
 辰溪县     24.53      19.88      4.65     24.53         19.88     4.65
 溆浦县     31.08      26.69      4.39     30.87         26.48     4.39
 会同县     18.90      16.93      1.97     18.90         16.93     1.97
 麻阳县     20.28      17.63      2.65     20.14         17.49     2.65
 新晃县     18.93      16.04      2.89     18.93         16.04     2.89
 芷江县     20.93      12.75      8.18     20.93         12.75     8.18
 靖州县     13.83      9.87       3.96     13.73         9.77      3.96
 通道县     21.65      17.79      3.86     21.65         17.79     3.86
 洪江市     21.35      14.06      7.29     21.27         13.98     7.29
 洪江区     8.53       7.08       1.45     8.53          7.08      1.45
 娄底市    321.28     216.04     105.24   320.07        214.83    105.24
娄底市本级   126.57      44.10      82.47   126.35         43.88     82.47
 娄星区     15.31      14.12      1.19     15.21         14.02     1.19
 双峰县     38.03      33.68      4.35     38.03         33.68     4.35
 新化县     64.87      59.91      4.96     64.87         59.91     4.96
 冷水江市    32.64      28.42      4.22     31.75         27.53     4.22
 涟源市     43.86      35.81      8.05     43.86         35.81     8.05
 湘西州    302.68     241.97      60.71   301.49        240.78     60.71
湘西州本级    43.17      31.52      11.65    43.14         31.49     11.65
 吉首市     78.78      61.32      17.46    78.69         61.23     17.46
 泸溪县     23.60      18.12      5.48     23.46         17.98     5.48
 凤凰县     36.92      28.68      8.24     36.71         28.47     8.24
 花垣县     21.23      16.87      4.36     20.99         16.63     4.36
 保靖县     21.27      18.77      2.50     21.13         18.63     2.50
 古丈县     14.48      11.35      3.13     14.37         11.24     3.13
 永顺县     35.03      32.17      2.86     34.94         32.08     2.86
 龙山县     28.20      23.17      5.03     28.06         23.03     5.03
