来源：https://pdf.dfcfw.com/pdf/H3_AP202304251585806338_1.pdf?1682443639000.pdf=
湖南省各地市（州）2022年财政数据（单位：亿元；全市/全州口径）
长沙市|2022|1202.0|1566.3|1065.3
岳阳市|2022|185.0|570.5|196.0
常德市|2022|209.6|637.5|319.2
衡阳市|2022|191.1|633.3|221.5
郴州市|2022|178.0|496.9|159.6
邵阳市|2022|128.0|637.3|153.5
益阳市|2022|100.1|400.8|83.7
娄底市|2022|91.7|358.7|61.6
湘西土家族苗族自治州|2022|74.6|353.3|35.7
湖南省各地市（州）2021年政府性基金收入补填值（原表明确说明下列四项使用2021年数据，单位：亿元）
株洲市|2021|||339.3
湘潭市|2021|||199.8
永州市|2021|||241.2
张家界市|2021|||73.4
说明：怀化市原表为市本级口径，未写入；2022年株洲、湘潭、永州、张家界基金列为2021年数据的补填值，按明确年份回填，不作为2022年值。
