【2020年海南省分地区地方政府债务（单位：亿元）】
海口市 768.436 425.9755 342.4605 762.3758404571 421.0654554571 341.310385
三亚市 353.6864 132.9763 220.7101 351.7597504005 132.40986 219.3498904005
儋州市 143.0321 64.2139 78.8182 142.5820547025 64.1738547025 78.4082

原表：海南省2020年地方政府债务限额及余额预算情况表（2021年预算公开附件），列顺序为债务限额合计、一般限额、专项限额、债务余额预计执行数合计、一般余额、专项余额。

【2021年海南省分地区地方政府债务（单位：亿元）】
海口市 859.13 417.34 441.79 859.13 417.34 441.79
三亚市 430.97 142.69 288.28 430.97 142.69 288.28
儋州市 166.10 67.75 98.35 166.10 67.75 98.35

原表：2021年海南省地方政府债务限额及余额预算情况表（2022年海南省省级政府预算公开表第54页），列顺序为债务限额合计、一般限额、专项限额、债务余额预计执行数合计、一般余额、专项余额。

口径说明：原表未列三沙市；“县级”合计包含儋州市且另列洋浦开发区，与稳定面板中的省直管县组边界不完全一致，故不跨口径拆分或加总为“省直辖县级行政区划”。
