四川省2021年地方政府债务限额及余额预算情况表
单位：亿元
成都市 3881 1246 2635 3477 1205 2271
自贡市 461 200 261 401 163 238
攀枝花市 240 154 86 218 144 74
泸州市 642 270 372 608 264 344
德阳市 422 130 292 390 135 255
绵阳市 618 276 342 595 272 322
广元市 408 253 155 366 229 137
遂宁市 448 210 238 389 173 216
内江市 528 348 180 462 293 169
乐山市 480 237 243 448 218 230
南充市 885 383 502 795 357 438
眉山市 522 225 297 468 204 263
宜宾市 651 298 353 580 255 325
广安市 414 223 191 370 211 159
达州市 688 392 296 598 373 225
雅安市 218 106 112 181 90 91
巴中市 662 378 284 526 353 173
资阳市 462 231 231 359 166 193
阿坝藏族羌族自治州 122 90 32 102 72 30
甘孜藏族自治州 116 94 22 110 91 18
凉山彝族自治州 419 330 89 393 312 81
