表4-1

               22 吉林省2018年地方政府债务限额及余额决算情况表
                                                                                    单位：亿元
                          2018年债务限额                          2018年债务余额（决算数）
       地   区
                              一般债务          专项债务                     一般债务          专项债务
       公   式      A=B+C         B             C           D=E+F        E             F
吉林省                4,170.70    2,921.78      1,248.92     3,711.66    2,647.15      1,064.51
 吉林省本级               817.22     736.06            81.16     766.89     706.96            59.94
 长春市               1,299.32     673.19         626.12     1,117.76     604.43         513.33
   长春市本级           1,173.31     596.93         576.39     1,025.59     552.00         473.59
   南关区                 1.64          1.64          0.00       0.03          0.03          0.00
   宽城区               10.53           6.62          3.92       8.72          5.98          2.74
   朝阳区                 4.18          4.18          0.00       0.42          0.42          0.00
   二道区               15.40          15.40          0.00       7.18          7.18          0.00
   绿园区                 6.97          6.56          0.41       3.07          3.07          0.00
   双阳区               17.86           8.82          9.04      15.75          6.89          8.87
   九台区               69.42          33.05         36.37      56.99         28.85         28.14
   农安县               39.34          17.93         21.41      38.55         17.17         21.38
   榆树市               36.33          32.06          4.26      30.36         27.53          2.84
   德惠市               27.43          20.27          7.17      24.02         19.20          4.82
 吉林市                 273.37     188.86            84.51     248.40     172.25            76.15
   吉林市本级             230.43     164.35            66.07     211.19     152.44            58.76
   昌邑区                 4.12          3.56          0.56       1.57          1.01          0.56
   龙潭区               22.99          10.34         12.64      20.27          8.67         11.60
   船营区                 5.95          3.77          2.18       5.68          3.50          2.18
   丰满区                 9.88          6.83          3.05       9.68          6.63          3.05
   永吉县               19.58          12.65          6.93      13.84          9.65          4.19
   蛟河市               20.96          16.62          4.34      17.07         14.39          2.68
   桦甸市               40.31          25.97         14.34      36.22         21.88         14.34
   舒兰市               17.10          14.82          2.28      13.41         11.13          2.28
   磐石市               26.01          20.33          5.68      23.10         17.60          5.50
 四平市                 106.13         87.14         18.99      84.09         65.37         18.72
   四平市本级             104.21         85.21         18.99      82.85         64.13         18.72
   铁西区                 0.60          0.60          0.00       0.05          0.05          0.00
   铁东区                 1.32          1.32          0.00       1.19          1.19          0.00
   梨树县               34.42          29.27          5.16      30.92         25.95          4.97
   伊通满族自治县           27.94          22.98          4.95      25.47         20.54          4.93
   公主岭市              49.59          26.55         23.04      42.39         23.47         18.92
   双辽市               24.34          22.18          2.16      21.99         19.83          2.16
 辽源市                 108.42         59.81         48.61      99.46         54.57         44.89
   辽源市本级             106.09         57.48         48.61      97.63         52.74         44.89
   龙山区                 1.34          1.34          0.00       1.03          1.03          0.00
   西安区                 0.99          0.99          0.00       0.80          0.80          0.00
   东丰县               33.19          25.38          7.80      28.66         22.41          6.25
   东辽县               26.30          19.90          6.41      23.20         17.62          5.58
 通化市                 96.60          52.86         43.74      95.66         53.20         42.46
   通化市本级             93.22          52.14         41.07      92.93         51.98         40.95
表4-1

                  22 吉林省2018年地方政府债务限额及余额决算情况表
                                                                                   单位：亿元
                             2018年债务限额                       2018年债务余额（决算数）
       地      区
                                一般债务         专项债务                    一般债务         专项债务
          公   式      A=B+C       B            C           D=E+F       E            F
    东昌区                  0.83         0.42         0.41       0.66         0.40         0.26
    二道江区                 2.56         0.30         2.26       2.07         0.82         1.25
    通化县                 21.76        17.29         4.47      19.41        15.76         3.65
    辉南县                 22.62        18.13         4.49      20.13        15.87         4.26
    柳河县                 22.50        17.23         5.27      19.32        14.39         4.93
    梅河口市                57.01        35.79        21.22      56.24        35.73        20.51
    集安市                 27.38        21.47         5.91      23.28        17.78         5.50
    白山市                 89.85        80.81         9.04      70.76        63.63         7.13
    白山市本级               48.50        44.77         3.74      38.30        35.14         3.16
    八道江区                 9.79         7.33         2.46       8.84         6.44         2.39
    江源区                 31.56        28.71         2.85      23.63        22.05         1.58
    抚松县                 23.80        19.27         4.53      17.83        13.94         3.89
    靖宇县                 19.99        15.75         4.24      15.09        11.97         3.12
    长白朝鲜族自治县            17.25        16.24         1.00      13.90        13.40         0.50
    临江市                 18.82        15.52         3.30      12.74        11.27         1.47
    松原市                114.33        83.77        30.56     108.15        80.01        28.13
    松原市本级              111.14        81.10        30.04     105.67        77.88        27.79
    宁江区                  3.19         2.67         0.52       2.48         2.14         0.34
    前郭尔罗斯蒙古族自治          23.26        19.91         3.35      18.62        15.29         3.33
县
    长岭县                 12.21        12.08         0.12      11.04        11.04         0.00
    乾安县                 18.84        18.58         0.27      16.48        16.48         0.00
    扶余县                 26.15        23.79         2.36      23.80        21.44         2.36
    白城市                120.21        92.99        27.22     112.25        85.07        27.18
    白城市本级              113.02        86.10        26.92     106.14        79.26        26.88
    洮北区                  7.19         6.89         0.30       6.11         5.81         0.30
    镇赉县                 13.28        10.84         2.45      11.23         9.79         1.45
    通榆县                 39.40        31.01         8.39      37.59        29.64         7.94
    洮南市                 28.38        20.77         7.61      25.82        18.39         7.44
    大安市                 20.57        16.28         4.29      19.43        15.79         3.64
    长白山管委会              29.66        20.52         9.13      29.20        20.20         9.00
    长白山管委会本级            29.66        20.52         9.13      29.20        20.20         9.00
    延边朝鲜族自治州           279.55     208.92          70.63     247.91     185.13          62.78
    延边朝鲜族自治州本级          12.09         9.58         2.51      10.27         7.76         2.51
    延吉市                 79.00        61.77        17.23      63.97        48.09        15.88
    图们市                 17.19        13.74         3.46      16.45        13.22         3.23
    敦化市                 36.31        23.02        13.29      33.09        21.55        11.54
    珲春市                 45.84        27.96        17.88      40.48        26.05        14.44
    龙井市                 15.28        11.17         4.11      13.67         9.89         3.78
    和龙市                 20.57        16.22         4.35      19.37        15.63         3.74
    汪清县                 21.92        16.87         5.05      20.96        15.94         5.03
    安图县                 31.34        28.59         2.75      29.65        27.01         2.65
注：1.本表反映上一年度本地区、本级及分地区地方政府债务限额及余额决算数。

2.本表由县级以上地方各级财政部门在同级人民代表大会常务委员会批准决算后二十日内公开。
表4-2

                   吉林省本级2018年新增地方政府债券安排情况表
                                                                                单位：亿元

                                                                               发行时间
       项目名称           项目编号             项目领域         项目实施单位      债券性质   债券规模
                                                                               （年/月）

吉林省中医药科学院新址 PROJ2200361007-
                                   1201公立医院      吉林省中医药科学院      专项债券   1.00    2018/10/24
购置建设        00000001

                 PROJ2200361008-                 长春中医药大学附属第三临
综合楼                                1201公立医院                     专项债券   1.00    2018/10/24
                 00000001                        床医院
吉林工程技术师范学院易
            PROJ2200360000005-
地建设新校区项目（一期                        903普通高校       吉林工程技术师范学院     专项债券   3.00    2018/10/24
            00000001
工程）一批次
吉林省结核病医院新建门 PROJ2200361009-
                                   1201公立医院      吉林省结核病医院       专项债券   0.50    2018/10/24
诊及住院部楼建设项目  00000002

长春到拉林河段改扩建工 PROJ2200348001-
                                   201政府收费高速公路 吉林省交通厅本级         专项债券   21.10   2018/10/24
程           00000001

                 XMWH220000000361006
儿童医院建设                               1201公立医院    长春中医药大学附属医院    专项债券   0.30    2018/10/24
                 0010170517092702

吉林省第二人民医院建设 PROJ2200361004-
                                   1201公立医院      吉林省肿瘤医院        专项债券   2.00    2018/10/24
工程项目        00000001
学生公寓建设项目、基础
            PROJ2200360000013-
教学实验楼建设项目、工                        903普通高校       长春理工大学         专项债券   0.37    2018/10/24
            00000001
程训练中心建设项目、测
珲乌高速吉林到长春龙嘉 PROJ2200348001-
                                   201政府收费高速公路 吉林省交通厅本级         专项债券   3.80    2018/10/24
机场段改扩建项目    00000002

长春金融高等专科学校新 PROJ2200360000037-
                                   903普通高校       长春金融高等专科学校     专项债券   0.70    2018/10/24
校区建设        00000002

吉林省长白山区山水林田 PROJ2200318003-        0799其他生态建设和
                                                 经建处等相关处室       一般债券   10.00    2018/6/14
湖草生态保护修复工程  00000006               环境保护
表4-3

                   2018年地方政府债务发行及还本付息情况表
                                                         单位：亿元
               项目                  本地区              本级
一、2017年末地方政府债务余额                         3,192.60         723.11
 其中：一般债务                                 2,352.46         696.94
       专项债务                                840.14          26.17
二、2017年地方政府债务限额                          3,685.70         773.45
 其中：一般债务                                 2,664.78         726.06
       专项债务                              1,020.92          47.39
三、2018年地方政府债务发行决算数                         797.36         112.42
       新增一般债券发行额                           254.69          10.00
       再融资一般债券发行额                          99.11           68.65
       新增专项债券发行额                           228.00          33.77
       再融资专项债券发行额                            0.00           0.00
       置换一般债券发行额                           165.53           0.00
       置换专项债券发行额                           48.24            0.00
       国际金融组织和外国政府贷款                         1.79           0.00
四、2018年地方政府债务还本决算数                         322.78          68.65
       一般债务                                274.54          68.65
       专项债务                                48.24            0.00
五、2018年地方政府债务付息决算数                         111.21          25.87
       一般债务                                83.78           24.83
       专项债务                                27.43            1.04
六、2018年末地方政府债务余额决算数                      3,711.66         766.89
 其中：一般债务                                 2,647.15         706.96
       专项债务                              1,064.51          59.94
七、2018年地方政府债务限额                          4,170.70         817.22
 其中：一般债务                                 2,921.78         736.06
       专项债务                              1,248.92          81.16
注：本表由县级以上地方各级财政部门在同级人民代表大会常务委员会批准决算后二十日内公开，反映上一年度本地区、本级地方政府债务限
额及余额决算数。
