来源：西藏自治区财政厅《2019年西藏自治区政府债务信息公开（一）》附件“1-2.2018年债务限额及余额决算.xlsx”。
来源网址：https://www.xizang.gov.cn/zwgk/xxgk_424/zxxxgk/201905/t20190508_69105.html
附件网址：https://www.xizang.gov.cn/zwgk/xxgk_424/zxxxgk/201905/W020190508567014355489.xlsx
统一口径：官方表4-1直接列示各地市（地区）全辖地方政府债务限额及余额，单位为亿元；本地只接入地市（地区）行，不接入自治区本级及自治区合计行。
【2018年西藏自治区各地市政府债务余额（单位：亿元）】
拉萨市 45.88 20.58 25.30 33.58 8.28 25.30
昌都地区 13.56 12.38 1.18 12.55 11.37 1.18
山南地区 9.85 6.35 3.50 9.36 5.86 3.50
日喀则地区 16.38 13.06 3.32 16.0931 12.7731 3.32
那曲地区 10.01 9.44 0.57 9.31 8.74 0.57
阿里地区 3.27 3.18 0.09 3.18 3.18 0
林芝地区 6.15 6.11 0.04 5.96 5.92 0.04
原表列顺序：债务限额合计、一般债务限额、专项债务限额、债务余额合计、一般债务余额、专项债务余额。
