省本级 469.60 277.54 192.06 437.85 274.95 162.90
武汉市 4687.17 1698.70 2988.47 4553.79 1599.67 2954.12
黄石市 314.46 166.69 147.77 296.47 156.47 140.00
十堰市 482.49 304.94 177.55 470.61 293.81 176.80
荆州市 545.68 268.42 277.26 503.12 243.99 259.13
宜昌市 754.32 389.78 364.54 722.12 363.28 358.84
襄阳市 758.00 402.38 355.62 731.59 377.36 354.23
鄂州市 199.60 84.07 115.53 193.72 79.20 114.52
荆门市 301.74 154.75 146.99 291.22 144.82 146.40
孝感市 419.27 241.91 177.36 403.24 229.53 173.71
黄冈市 504.79 311.55 193.24 469.15 292.33 176.82
咸宁市 277.30 149.54 127.76 254.62 136.42 118.20
恩施州 361.51 247.44 114.07 345.60 233.47 112.13
随州市 171.71 99.73 71.98 163.21 92.62 70.59
仙桃市 81.05 50.36 30.69 80.42 49.73 30.69
天门市 87.60 49.31 38.29 84.23 45.94 38.29
