来源：四川省财政厅《四川省2020年省级决算报告和相关表格》附件45。
统一口径：2020年末地级行政单元地方政府债务限额及余额，单位为亿元；列顺序为债务限额合计、一般债务限额、专项债务限额、债务余额合计、一般债务余额、专项债务余额。
原始文档：https://czt.sc.gov.cn/scczt/c102372/2021/8/10/d4e88a423a254934bb67d02e0f0717a8.shtml
附件：2020年四川省地方政府债务限额及余额决算情况表。

【2020年四川省地方政府债务限额及余额决算情况表（单位：亿元）】
四川省 13987 6842 7145 12743 6328 6415
省本级 1040 973 67 968 938 30
成都市 3715 1196 2519 3440 1136 2304
自贡市 451 195 256 401 160 241
攀枝花市 237 152 85 221 143 78
泸州市 637 269 368 610 258 352
德阳市 409 124 285 380 120 260
绵阳市 596 262 334 574 248 326
广元市 389 240 149 366 224 142
遂宁市 434 203 231 386 168 218
内江市 499 326 173 466 295 171
乐山市 457 222 235 443 212 231
南充市 844 366 478 793 348 445
眉山市 496 215 281 473 204 269
宜宾市 634 290 344 579 249 330
广安市 409 220 189 381 206 175
达州市 676 385 291 603 368 235
雅安市 208 99 109 189 86 103
巴中市 658 377 281 528 349 179
资阳市 442 227 215 361 165 196
阿坝州 120 88 32 94 64 30
甘孜州 110 89 21 103 84 19
凉山州 412 324 88 384 303 81
待明确 114 114
