来源标题：2023年辽宁省政府一般债务、专项债务分地区限额及余额情况表
来源附件：liaoning_2023_debt_original.xlsx；辽宁省财政厅官方工作表“23年一般债务”“23年专项债务”。
口径：各市全市；单位：亿元；列顺序为债务限额合计、一般债务限额、专项债务限额、债务余额合计、一般债务余额、专项债务余额。
沈阳市 2275.67 1092.21 1183.46 2275.253370 1091.882859 1183.370511
大连市 2913.92 1663.19 1250.73 2897.630150 1659.179058 1238.451092
鞍山市 974.01 533.74 440.27 973.424565 533.687639 439.736926
抚顺市 444.525 354.79 89.735 443.998060 354.348760 89.649300
本溪市 392.01 244.79 147.22 391.563131 244.419181 147.143950
丹东市 399.645 305.29 94.355 399.346310 305.030195 94.316115
锦州市 577.81 442.84 134.97 577.403552 442.518852 134.884700
营口市 1202.84 939.99 262.85 1202.088382 939.456382 262.632000
阜新市 253.57 154.59 98.98 253.353871 154.481356 98.872515
辽阳市 428.68 279.98 148.70 428.602312 279.943865 148.658447
铁岭市 393.90 207.00 186.90 393.752938 206.923747 186.829191
朝阳市 342.44 162.38 180.06 340.698364 160.705124 179.993240
盘锦市 1072.98 816.71 256.27 1072.381315 816.132425 256.248890
葫芦岛市 546.92 401.47 145.45 546.367910 401.398765 144.969145
