表1-1

                                 63 青海省2023年地方政府债务限额及余额预算情况表
                                                                                                                     单位：亿元
                                 2023年债务限额                                              2023 年债务余额预计执行数
        地 区
                                    一般债务             专项债务                                      一般债务           专项债务
        公 式   A=B+C                  B                C              D=E+F                     E               F
青海省                   3,365.90           2,546.50           819.40           3,337.42              2,536.88           800.54
 青海省本级                1,930.80           1,733.67           197.13           1,927.33              1,733.32           194.01
 西宁市                   597.80             285.13            312.67            590.60                282.56            308.04
  西宁市本级                508.53             245.62            262.91            503.91                243.37            260.55
  城东区                     8.70               2.70             6.00               8.68                  2.70             5.99
  城中区                     7.68               3.07             4.61               7.64                  3.03             4.61
  城西区                     6.49               2.54             3.95               6.49                  2.54             3.95
  城北区                     5.11               2.53             2.58               5.07                  2.49             2.58
  湟中区                    23.30               11.28           12.02              22.02                 11.16            10.86
  大通回族土族自治县              26.95               10.83           16.12              25.85                 10.77            15.08
  湟源县                    11.05               6.57             4.48              10.93                  6.51             4.43
 海东市                   347.25             173.02            174.23            340.39                168.70            171.69
  海东市本级                169.46                64.75          104.71            167.18                  63.02           104.16
  乐都区                    37.82               17.59           20.23              36.72                 17.47            19.26
  平安区                    16.07               13.64            2.43              15.73                 13.58             2.15
  民和回族土族自治县              52.47               24.66           27.81              52.06                 24.64            27.41
  互助土族自治县                27.09               21.65            5.44              26.26                 20.87             5.38
  化隆回族自治县                24.96               20.23            4.73              23.41                 18.77             4.64
  循化撒拉族自治县               19.38               10.50            8.88              19.04                 10.35             8.68
 海北藏族自治州                 44.81               35.11            9.70              43.04                 34.34             8.70
  海北藏族自治州本级              11.75               11.75            0.00              11.74                 11.74             0.00
  门源回族自治县                14.96               9.51             5.45              14.49                  9.29             5.20
  祁连县                     9.46               5.71             3.75               9.15                  5.65             3.50
  海晏县                     2.49               2.24             0.25               1.99                  1.99             0.00
  刚察县                     6.15               5.90             0.25               5.67                  5.67             0.00
 黄南藏族自治州                 55.47               36.57           18.90              53.32                 36.42            16.90
  黄南藏族自治州本级              12.89               11.52            1.37              12.85                 11.48             1.37
  同仁市                    21.05               10.79           10.26              19.02                 10.76             8.26
  尖扎县                     9.92               6.67             3.25               9.90                  6.65             3.25
  泽库县                     5.22               3.85             1.37               5.19                  3.81             1.37
  河南蒙古族自治县                6.38               3.74             2.64               6.35                  3.71             2.64
 海南藏族自治州                 57.64               47.27           10.37              55.52                 46.65             8.87
  海南藏族自治州本级               9.09               7.94             1.15               9.09                  7.94             1.15
  共和县                    13.81               11.27            2.54              12.40                 10.66             1.74
  同德县                     5.34               4.78             0.56               5.19                  4.78             0.41
表1-1

                                      63 青海省2023年地方政府债务限额及余额预算情况表
                                                                                                                     单位：亿元
                                      2023年债务限额                                           2023 年债务余额预计执行数
        地 区
                                         一般债务             专项债务                                   一般债务         专项债务
        公 式          A=B+C                B                C             D=E+F                   E             F
  贵德县                         19.00               13.71          5.29             18.80               13.71            5.09
  兴海县                          4.01               3.86           0.15              3.86                3.86            0.00
  贵南县                          6.38               5.70           0.68              6.18                5.70            0.48
 果洛藏族自治州                      38.05               31.36          6.70             36.99               31.30            5.70
  果洛藏族自治州本级                    9.55               7.74           1.81              8.70                7.74            0.96
  玛沁县                          8.36               6.32           2.04              8.20                6.31            1.89
  班玛县                          3.91               2.99           0.92              3.90                2.99            0.92
  甘德县                          4.27               3.75           0.52              4.26                3.74            0.52
  达日县                          5.38               5.05           0.33              5.37                5.04            0.33
  久治县                          1.85               0.85           1.00              1.84                0.84            1.00
  玛多县                          4.73               4.65           0.08              4.73                4.65            0.08
 玉树藏族自治州                      31.59               30.59          1.00             30.57               30.57            0.00
  玉树藏族自治州本级                   11.05               11.05          0.00             11.05               11.05            0.00
  玉树市                          5.09               4.79           0.30              4.79                4.79            0.00
  杂多县                          3.38               3.18           0.20              3.18                3.18            0.00
  称多县                          3.33               3.13           0.20              3.12                3.12            0.00
  治多县                          3.32               3.17           0.15              3.17                3.17            0.00
  囊谦县                          3.77               3.77           0.00              3.77                3.77            0.00
  曲麻莱县                         1.65               1.50           0.15              1.50                1.50            0.00
 海西蒙古族藏族自治州                  262.49           173.79             88.70           259.65              173.02            86.64
 海西蒙古族藏族自治州
                              59.50               41.87          17.63            59.30               41.67            17.63
本级
  格尔木市                        78.76               44.68          34.09            77.58               44.66            32.92
  德令哈市                        66.70               41.95          24.75            66.18               41.86            24.32
  茫崖市                         18.13               10.86          7.28             18.10               10.82            7.28
  乌兰县                         14.19               12.94          1.25             14.18               12.93            1.25
  都兰县                          9.84               8.07           1.77              9.36                8.06            1.30
  天峻县                         10.32               9.58           0.74             10.32                9.58            0.74
  大柴旦行委                        5.06               3.86           1.20              4.63                3.43            1.20
注：1.本表反映上一年度本地区、本级及分地区地方政府债务限额及余额预计执行数。
2.本表由县级以上地方各级财政部门在同级人民代表大会批准预算后二十日内公开。
表1-2

                 63 青海省2023年地方政府一般债务余额情况表
                                                            单位：亿元
                 项   目               预算数              执行数
一、2022年末地方政府一般债务余额实际数                                       2,323.56

二、2023年末地方政府一般债务余额限额                       2,546.50

三、2023年地方政府一般债务发行额                                           460.59

  中央转贷地方的国际金融组织和外国政府贷款                                          0.90

  2023年地方政府一般债券发行额                                           459.69

四、2023年地方政府一般债务还本额                                           247.73

五、2023年末地方政府一般债务余额预计执行数                                     2,536.88

六、2024年地方财政赤字                               103.00

七、2024年地方政府一般债务余额限额                        2,649.50

说明:财政部提前下达我省2024年地方政府新增一般债务限额103亿元
表1-3

                 63 青海省2023年地方政府专项债务余额情况表
                                                         单位：亿元
                项   目               预算数            执行数
一、2022年末地方政府专项债务余额实际数                                     720.72

二、2023年末地方政府专项债务余额限额                      819.40

三、2023年地方政府专项债务发行额                                        110.09

四、2023年地方政府专项债务还本额                                         30.27

五、2023年末地方政府专项债务余额预计执行数                                   800.54

六、2024年地方政府专项债务新增限额                        25.00

七、2024年末地方政府专项债务余额限额                      844.40


说明:财政部提前下达我省2024年地方政府新增专项债务限额25亿元
表1-4

                    63 青海省地方政府债券发行及还本付息情况表
                                                                       单位：亿元
            项   目              公式             本地区                 本级
一、2023年发行预计执行数                A=B+D                   569.78            251.53
（一）一般债券                         B                     459.69            238.74
 其中：再融资债券                       C                     297.90            174.53
（二）专项债券                         D                     110.09             12.79
 其中：再融资债券                       E                      63.09              0.00
二、2023年还本预计执行数                F=G+H                   275.73            170.41
（一）一般债券                         G                     245.46            167.53
（二）专项债券                         H                      30.27              2.88
三、2023年付息预计执行数                 I=J+K                  104.32             63.92
（一）一般债券                          J                     78.67             56.85
（二）专项债券                         K                      25.65              7.06
四、2024年还本预算数                  L=M+O                   238.39            177.25
（一）一般债券                         M                     210.78            167.24
 其中：再融资                                               189.38            150.44
   财政预算安排                       N                      21.41             16.80
（二）专项债券                         O                      27.60             10.01
 其中：再融资                                                 9.38              0.00
   财政预算安排                       P                      18.23             10.01
五、2024年付息预算数                  Q=R+S                   109.97             64.66
（一）一般债券                         R                      82.75             57.47
（二）专项债券                         S                      27.21              7.19
注：1.本表反映本地区和本级上一年度地方政府债券（含再融资债券）发行及还本付息预计执行数、本年度地方政府债券还本付息预算数等。
2.本表由县级以上地方各级财政部门在本级人民代表大会批准预算后二十日内公开。
