来源：四川省财政厅《四川省2023年省级决算报告和相关表格》附件46。
统一口径：2023年末地级行政单元地方政府债务限额及余额，单位为亿元；列顺序为债务限额合计、一般债务限额、专项债务限额、债务余额合计、一般债务余额、专项债务余额。
原始文档：https://czt.sc.gov.cn/scczt/c102372/2024/8/5/87854c9fa4104d2bb1770e51843ddec6.shtml
附件：附件46：2023年四川省地方政府债务限额及余额情况表。

【2023年四川省地方政府债务限额及余额情况表（单位：亿元）】
四川省 20936.7 7905.4 13031.3 20269.7 7615.6 12654.1
省本级 1516.7 1394.9 121.8 1329.2 1299.2 30.0
成都市 5383.4 1384.2 3999.2 5228.7 1328.9 3899.8
自贡市 747.1 217.8 529.3 737.6 212.8 524.8
攀枝花市 270.5 153.5 117.0 260.2 147.0 113.2
泸州市 1002.0 293.2 708.8 994.2 288.2 706.0
德阳市 768.2 168.7 599.5 760.9 166.4 594.5
绵阳市 1079.9 353.8 726.1 1065.7 345.9 719.8
广元市 572.4 254.6 317.8 552.0 245.7 306.3
遂宁市 769.6 222.4 547.2 755.4 217.3 538.1
内江市 723.0 334.9 388.1 698.7 325.1 373.6
乐山市 760.4 241.9 518.5 747.9 234.6 513.3
南充市 1135.8 388.0 747.8 1111.0 379.3 731.7
眉山市 761.5 227.2 534.3 716.4 217.5 498.9
宜宾市 1114.6 327.0 787.6 1101.9 322.5 779.4
广安市 688.0 236.2 451.8 678.1 229.5 448.6
达州市 1027.9 397.9 630.0 1006.2 387.2 619.0
雅安市 393.1 116.1 277.0 367.3 108.3 259.0
巴中市 818.9 395.7 423.2 800.4 392.9 407.5
资阳市 578.3 260.8 317.5 566.5 255.2 311.3
阿坝州 161.6 92.2 69.4 150.2 80.9 69.3
甘孜州 147.5 105.2 42.3 143.0 101.8 41.2
凉山州 516.1 339.2 176.9 497.9 328.8 169.1
