表1

             湖南省2020年地方政府债务限额及余额决算情况表
                                                                                        单位：亿元
                           2020年债务限额                              2020年债务余额（决算数）
      地 区
                            一般债务            专项债务                         一般债务          专项债务
      公 式   A=B+C              B             C            D=E+F           E             F
湖南省           12,160.91        6,738.02       5,422.89      11,815.18      6,504.70         5,310.48
湖南省本级          2,108.35        1,669.25          439.10      1,985.11      1,572.30          412.82
长沙市            2,223.01            655.58     1,567.43       2,222.57         655.14        1,567.43
 长沙市本级         1,222.65            276.97        945.68      1,222.47         276.80         945.68
 芙蓉区             53.54              38.61         14.93        53.54           38.61          14.93
 天心区             43.48              30.07         13.41        43.48           30.07          13.41
 岳麓区             57.14              37.91         19.23        57.14           37.91          19.23
 开福区             35.15              23.03         12.12        35.15           23.03          12.12
 雨花区             47.84              33.28         14.56        47.84           33.28          14.56
 望城区            123.26              36.50         86.76       123.17           36.41          86.76
 长沙县            321.00              41.11        279.89       321.01           41.11         279.89
 宁乡市            167.11              49.25        117.86       167.01           49.15         117.86
 浏阳市            151.85              88.85         63.00       151.77           88.77          63.00
株洲市             849.96             371.44        478.52       808.96          351.44         457.52
 株洲市本级          381.29              91.19        290.10       381.26           91.16         290.10
 荷塘区             21.08               5.42         15.66        21.08            5.42          15.66
 芦淞区             20.70               5.29         15.41        20.71            5.29          15.41
 石峰区             28.55              14.82         13.73        28.54           14.82          13.73
 天元区             79.99              50.25         29.74        39.99           31.25            8.75
 渌口区             34.91              14.77         20.14        34.90           14.77          20.14
 攸县              96.39              53.84         42.55        96.21           53.67          42.55
 茶陵县             34.52              24.23         10.29        34.12           23.83          10.29
 炎陵县             21.69              16.51          5.18        21.34           16.15            5.18
 醴陵市            130.84              95.12         35.72       130.80           95.09          35.72
湘潭市             654.65             349.15        305.49       584.41          310.92         273.50
 湘潭市本级          360.69             191.05        169.63       360.68          191.05         169.63
 雨湖区                9.16             6.70          2.46           9.16          6.70            2.46
 岳塘区             80.13              44.27         35.86        10.13            6.27            3.86
 湘潭县             94.29              53.10         41.19        94.29           53.10          41.19
 湘乡市             89.32              40.90         48.42        89.08           40.66          48.42
 韶山市             21.06              13.13          7.93        21.06           13.13            7.93
衡阳市             928.49             419.11        509.38       887.69          388.31         499.38
 衡阳市本级          508.24             158.13        350.11       508.02          157.91         350.11
 珠晖区                6.37             4.88          1.49           6.37          4.88            1.49
 雁峰区                4.13             2.32          1.81           4.13          2.32            1.81
 石鼓区                4.09             3.15          0.94           4.09          3.15            0.94
 蒸湘区                4.76             3.69          1.07           4.76          3.69            1.07
 南岳区                9.64             4.69          4.95           9.64          4.69            4.95
 衡阳县             82.15              49.11         33.04        79.48           46.44          33.04
 衡南县             43.91              28.09         15.82        43.44           27.61          15.82
 衡山县             23.41              15.09          8.32        22.85           14.53            8.32
 衡东县             28.69              16.17         12.52        28.68           16.17          12.52
 祁东县             43.03              21.70         21.33        43.02           21.69          21.33
 耒阳市             89.26              57.94         31.32        86.93           55.62          31.32
 常宁市             80.82              54.16         26.66        46.28           29.61          16.67
邵阳市             561.39             313.70        247.69       561.15          313.45         247.69
 邵阳市本级          223.89              67.89        156.00       223.89           67.89         156.00
 双清区                5.53             4.21          1.32           5.53          4.21            1.32
                           2020年债务限额                              2020年债务余额（决算数）
      地 区
                            一般债务            专项债务                         一般债务          专项债务
      公 式   A=B+C              B             C            D=E+F           E             F
大祥区                 9.76             8.35          1.41           9.76          8.35          1.41
北塔区                 2.54             1.66          0.88           2.54          1.66          0.88
邵东市              39.91              28.28         11.63        39.91           28.28         11.63
新邵县              39.96              28.43         11.53        39.96           28.43         11.53
邵阳县              45.92              34.23         11.69        45.93           34.23         11.69
隆回县              40.74              29.03         11.71        40.74           29.03         11.71
洞口县              37.41              28.79          8.62        37.41           28.79          8.62
绥宁县              29.52              23.79          5.73        29.52           23.79          5.73
新宁县              27.23              18.79          8.44        27.07           18.63          8.44
城步苗族自治县          24.02              17.90          6.12        23.95           17.83          6.12
武冈市              34.96              22.35         12.61        34.96           22.35         12.61
岳阳市             677.20             342.96        334.24       676.36          342.13        334.24
岳阳市本级           350.61             111.31        239.30       350.51          111.21        239.30
岳阳楼区             22.24              11.39         10.85        22.25           11.39         10.85
云溪区              18.58              14.96          3.62        18.58           14.96          3.62
君山区              20.72              15.03          5.69        20.71           15.03          5.69
岳阳县              36.19              24.32         11.87        36.18           24.32         11.86
华容县              35.92              20.95         14.97        35.41           20.44         14.97
湘阴县              46.09              37.00          9.09        46.09           37.00          9.09
平江县              66.54              51.29         15.25        66.54           51.29         15.25
汨罗市              52.82              37.29         15.53        52.68           37.15         15.53
临湘市              27.49              19.41          8.08        27.42           19.34          8.08
常德市             687.11             478.29        208.83       685.90          477.08        208.82
常德市本级           345.53             235.54        109.99       345.52          235.53        109.99
武陵区              12.79               9.20          3.59        12.79            9.20          3.59
鼎城区              40.39              26.38         14.01        40.35           26.34         14.01
安乡县              29.81              22.10          7.71        29.81           22.10          7.71
汉寿县              42.54              32.30         10.23        41.96           31.73         10.23
澧县               40.66              27.64         13.02        40.66           27.64         13.02
临澧县              53.53              37.59         15.95        53.53           37.59         15.95
桃源县              52.75              34.87         17.88        52.17           34.29         17.88
石门县              39.67              28.85         10.82        39.67           28.85         10.82
津市市              29.44              23.82          5.62        29.44           23.82          5.62
张家界市            238.65             144.34         94.31       225.15          143.84         81.31
张家界市本级          108.66              51.49         57.17       108.44           51.27         57.17
永定区              23.80              17.21          6.59        23.79           17.20          6.59
武陵源区             35.79              21.12         14.67        22.78           21.11          1.67
慈利县              40.23              32.09          8.14        39.96           31.81          8.14
桑植县              30.18              22.44          7.74        30.18           22.44          7.74
益阳市             433.95             228.23        205.72       432.91          227.19        205.72
益阳市本级           188.09              69.03        119.06       187.71           68.65        119.06
资阳区              27.74              20.39          7.35        27.74           20.39          7.35
赫山区              34.09              16.29         17.80        34.09           16.29         17.80
南县               29.71              23.91          5.81        29.70           23.90          5.80
桃江县              54.52              26.62         27.90        54.06           26.17         27.90
安化县              58.63              39.81         18.83        58.44           39.61         18.83
沅江市              41.17              32.18          8.99        41.16           32.18          8.99
郴州市             854.48             566.06        288.42       832.98          546.56        286.42
郴州市本级           247.10              96.82        150.28       247.07           96.79        150.28
北湖区              40.54              35.24          5.30        40.53           35.23          5.30
苏仙区              74.74              65.36          9.38        58.74           51.36          7.38
                            2020年债务限额                              2020年债务余额（决算数）
      地 区
                             一般债务            专项债务                         一般债务          专项债务
      公 式    A=B+C              B             C            D=E+F           E             F
 桂阳县              76.76              66.85          9.91        75.80           65.89          9.91
 宜章县              51.56              35.54         16.02        51.40           35.39         16.02
 永兴县              57.44              41.56         15.88        57.33           41.45         15.88
 嘉禾县              43.01              32.34         10.67        43.01           32.34         10.67
 临武县              33.44              27.22          6.22        32.93           26.71          6.22
 汝城县              85.95              63.09         22.86        85.94           63.09         22.86
 桂东县              23.00              18.42          4.58        22.79           18.21          4.58
 安仁县              52.65              28.24         24.41        52.64           28.23         24.41
 资兴市              68.29              55.38         12.91        64.79           51.88         12.91
永州市              522.66             331.48        191.18       511.52          322.32        189.20
 永州市本级           144.11              60.92         83.19       141.69           58.50         83.19
 零陵区              33.18              20.07         13.11        33.18           20.07         13.11
 冷水滩区             29.35              23.01          6.34        29.35           23.01          6.34
 祁阳县              65.06              50.30         14.76        64.37           49.61         14.76
 东安县              28.66              18.00         10.66        27.58           16.91         10.66
 双牌县              21.50              16.57          4.93        21.30           16.36          4.93
 道县               36.06              23.97         12.09        36.06           23.97         12.09
 江永县              25.46              17.55          7.91        20.47           14.55          5.92
 宁远县              37.25              26.53         10.72        37.20           26.48         10.72
 蓝山县              22.89              15.08          7.81        21.19           13.39          7.81
 新田县              34.57              28.67          5.90        34.56           28.66          5.90
 江华瑶族自治县          44.57              30.81         13.77        44.58           30.81         13.77
怀化市              644.08             319.25        324.83       643.14          318.44        324.70
 怀化市本级           310.26              94.21        216.05       310.26           94.21        216.04
 鹤城区              25.96              18.03          7.93        25.84           17.90          7.93
 中方县              21.44              11.12         10.33        21.16           10.85         10.31
 沅陵县              39.21              25.33         13.88        39.10           25.33         13.77
 辰溪县              29.86              21.12          8.74        29.85           21.12          8.74
 溆浦县              40.50              29.88         10.62        40.28           29.67         10.62
 会同县              23.60              17.87          5.73        23.60           17.86          5.73
 麻阳苗族自治县          24.92              18.69          6.23        24.89           18.66          6.23
 新晃侗族自治县          23.70              17.76          5.94        23.71           17.76          5.94
 芷江侗族自治县          26.23              13.54         12.69        26.20           13.51         12.69
 靖州苗族侗族自治
                  17.63              10.61          7.02        17.58           10.56          7.02
县
 通道侗族自治县          25.07              18.61          6.46        25.07           18.61          6.46
 洪江区                 9.78             7.50          2.28           9.78          7.50          2.28
 洪江市              25.92              14.99         10.93        25.83           14.90         10.93
娄底市              407.28             294.45        112.83       388.74          281.92        106.82
 娄底市本级           159.72             101.53         58.19       159.47          101.28         58.18
 娄星区              19.94              14.62          5.32        19.84           14.52          5.32
 双峰县              45.95              35.72         10.23        45.95           35.72         10.23
 新化县              77.75              64.00         13.75        77.74           64.00         13.75
 冷水江市             52.23              40.33         11.90        34.06           28.16          5.89
  涟源市             51.68              38.23         13.45        51.68           38.23         13.45
 湘西土家族苗族自治
                 369.63             254.72        114.91       368.56          253.66        114.90
州
  湘西自治州本级         62.24              33.89         28.35        62.20           33.86         28.35
 吉首市              84.01              62.32         21.69        83.87           62.18         21.69
 泸溪县              28.87              19.16          9.71        28.76           19.05          9.71
 凤凰县              43.03              30.32         12.71        43.00           30.29         12.71
 花垣县              26.22              17.55          8.67        25.97           17.30          8.67
 保靖县              26.29              19.74          6.55        26.11           19.56          6.55
                           2020年债务限额                             2020年债务余额（决算数）
    地 区
                            一般债务           专项债务                      一般债务          专项债务
    公 式        A=B+C           B            C            D=E+F         E            F
 古丈县               19.42           12.76          6.66       19.32         12.67          6.66
 永顺县               43.09           34.23          8.86       42.97         34.11          8.86
 龙山县               36.45           24.75        11.70        36.35         24.65        11.70
注：1.本表反映上一年度本地区、本级及分地区地方政府债务限额及余额决算数。
2.本表由县级以上地方各级财政部门在同级人民代表大会常务委员会批准决算后二十日内公开。
