附表24
2025年度全省地方政府债务限额及余额情况表
福建省 19781.10 4316.08 15465.02 18918.79 4155.16 14763.63
省本级 481.74 116.62 365.12 431.05 73.61 357.44
福州市 3414.87 575.30 2839.57 3349.60 558.31 2791.29
厦门市 3270.10 455.70 2814.40 3197.69 450.82 2746.87
莆田市 1478.23 242.16 1236.07 1454.78 232.04 1222.74
三明市 1113.42 414.90 698.52 1087.42 398.10 689.32
泉州市 3010.98 857.36 2153.62 2938.77 828.49 2110.28
漳州市 1973.93 548.96 1424.97 1938.93 535.99 1402.94
南平市 1371.22 339.92 1031.30 1356.44 332.52 1023.92
龙岩市 1300.29 336.63 963.66 1274.32 327.22 947.10
宁德市 1328.00 320.53 1007.47 1306.18 312.85 993.33
平潭综合实验区 593.32 108.00 485.32 583.61 105.21 478.40
