表27 贵州省2025年分地区政府债务限额和余额情况表
单位：亿元
序号 地区 2025年政府债务限额合计 一般债务 专项债务 2025年政府债务余额（快报数）合计 一般债务 专项债务
贵州省 20957.55 9122.17 11835.38 19369.32 8827.88 10541.44
省本级 3954.58 1768.34 2186.24 2513.14 1551.87 961.27
市州小计 17002.97 7353.83 9649.14 16856.18 7276.01 9580.17
贵阳市 4373.17 886.19 3486.98 4329.89 875.52 3454.37
六盘水市 1277.73 690.32 587.41 1267.35 683.50 583.85
遵义市 3071.14 1620.18 1450.96 3052.43 1610.13 1442.30
安顺市 851.38 428.87 422.51 844.80 425.29 419.51
铜仁市 1528.43 830.76 697.67 1517.67 822.66 695.01
黔西南州 1223.65 616.66 606.99 1215.50 611.52 603.98
毕节市 1803.22 986.28 816.94 1784.17 972.39 811.78
黔东南州 1156.93 533.29 623.64 1139.12 518.08 621.04
黔南州 1717.32 761.28 956.04 1705.25 756.92 948.33
备注：政府债务限额最终以财政部通报数为准；政府债务余额为快报数。
