2025年全省地方政府法定债务执行情况表
单位：万元；官方表列序为政府债务限额合计、一般债务限额、专项债务限额、政府债务余额合计、一般债务余额、专项债务余额；采集层按 0.0001 换算为亿元
哈尔滨市 38249570 19431695 18817875 37842945 19204589 18638356
齐齐哈尔市 7267900 4133751 3134148 7230180 4097846 3132334
牡丹江市 8315064 4728249 3586815 8217123 4651742 3565381
佳木斯市 7202046 4448787 2753259 7151950 4401976 2749974
大庆市 7421904 2898928 4522976 7378524 2860811 4517713
鸡西市 4037093 2194501 1842593 4007869 2172081 1835788
鹤岗市 2772209 1635043 1137166 2741907 1620819 1121088
双鸭山市 5251843 2727761 2524082 5221581 2698358 2523223
七台河市 3150728 1661961 1488767 3131680 1644937 1486743
伊春市 2782565 2107752 674813 2752517 2095578 656939
黑河市 2788152 1720683 1067469 2773414 1706555 1066859
绥化市 7351589 4571902 2779686 7288046 4524906 2763140
大兴安岭地区 592568 465567 127002 585246 461019 124227
