2025年政府债务分地区限额余额情况表
郑州市 4748.4 1761.6 2986.8 4670.6 1714.7 2955.9
开封市 1005.9 211.8 794.1 994.2 205.7 788.5
洛阳市 1915.3 408.3 1507.0 1895.2 396.6 1498.6
平顶山市 1118.6 287.9 830.7 1106.3 283.7 822.6
安阳市 943.1 194.1 749.0 928.4 186.9 741.5
鹤壁市 545.0 93.5 451.5 536.2 89.4 446.8
新乡市 1032.5 264.6 767.9 1009.5 251.3 758.2
焦作市 805.2 159.0 646.2 794.0 152.8 641.2
濮阳市 891.0 189.0 702.0 879.7 184.0 695.7
许昌市 1214.5 206.0 1008.5 1202.5 201.3 1001.2
漯河市 662.6 77.3 585.3 657.0 75.4 581.6
三门峡市 570.8 123.6 447.2 564.8 120.4 444.4
南阳市 1687.3 313.3 1374.0 1663.8 301.0 1362.8
商丘市 1640.4 252.6 1387.8 1627.0 247.0 1380.0
信阳市 1368.9 184.3 1184.6 1354.4 179.5 1174.9
周口市 1439.3 250.1 1189.2 1421.9 242.8 1179.1
驻马店市 1348.9 229.6 1119.3 1338.1 224.8 1113.3
济源示范区 215.0 71.1 143.9 211.7 68.5 143.2
