表23 2025年地方政府债务限额、余额执行情况表
长沙市 3706.82 801.76 2905.05 3671.38 794.59 2876.79
湘潭市 2401.76 861.52 1540.24 2393.66 860.28 1533.39
邵阳市 1403.22 429.82 973.40 1388.58 424.73 963.85
常德市 1632.32 581.32 1051.00 1618.51 577.41 1041.10
张家界市 666.68 201.66 465.03 661.48 199.52 461.96
郴州市 1600.54 658.76 941.79 1589.21 653.40 935.81
永州市 1341.87 429.23 912.63 1334.42 424.91 909.51
怀化市 1346.64 460.33 886.31 1334.16 456.92 877.24
娄底市 946.15 363.48 582.67 939.55 358.80 580.75
湘西州 778.87 309.37 469.50 772.36 306.01 466.35
