通辽市2025年地方政府债务限额及余额预算情况表（官方全市行，单位：亿元）
地区,2025年债务限额合计,一般债务限额,专项债务限额,2025年债务余额预计执行数,一般债务余额预计执行数,专项债务余额预计执行数
通辽市 954.8606 590.0248 364.8358 889.603993 577.849393 311.7546
通辽市本级,315.9361,232.0726,83.8635,293.494166,224.535266,68.9589
科尔沁区,119.4362,77.4529,41.9833,112.990606,76.352506,36.6381
开鲁县,61.6928,34.2072,27.4856,56.651385,34.055985,22.5954
科尔沁左翼中旗,65.7159,28.6052,37.1107,60.703756,27.979256,32.7245
科尔沁左翼后旗,58.2266,31.1059,27.1207,46.857773,30.937273,15.9205
奈曼旗,68.3026,36.9312,31.3714,65.911003,36.058703,29.8523
库伦旗,38.9795,20.5475,18.432,38.673426,20.286526,18.3869
扎鲁特旗,79.3025,30.1107,49.1918,70.743622,29.397922,41.3457
霍林郭勒市,93.9996,64.1131,29.8865,93.566029,63.679529,29.8865
开发区,53.2688,34.8785,18.3903,50.012226,34.566426,15.4458

原始证据：内蒙古自治区财政厅集中预算公开平台，2026年通辽市预算债务债券公开，附件“表1-1通辽市2025年地方政府债务限额及余额预算情况表”“表1-2通辽市2025年地方政府一般债务余额情况表”“表1-3通辽市2025年地方政府专项债务余额情况表”。
官方文章接口：https://czt.nmg.gov.cn/yjs/business/article/select/329a7429456320455a0ea7326a5bc284
总表下载接口：https://czt.nmg.gov.cn/yjs/business/file/download/ac91ee78b79c4e8ea4c47325a006ff3c
一般债务表下载接口：https://czt.nmg.gov.cn/yjs/business/file/download/3da4e27f623b4486bad08fb02c08effb
专项债务表下载接口：https://czt.nmg.gov.cn/yjs/business/file/download/72d9888a918d4befabf01f9ebcedeacb
公布时间：2026-02-06。
口径说明：只接入原表“通辽市”全市行；“通辽市本级”、旗县及开发区行仅作为证据中的分解行，不并入本条。2025年余额为原表“预计执行数”。
