上年度自治区地方政府债务限额、余额情况表
乌鲁木齐市 2546.68 541.16 2005.52 2458.46 519.59 1938.87
克拉玛依市 426.04 182.02 244.02 408.28 166.15 242.13
伊犁州 1187.78 374.67 813.11 1164.90 362.42 802.48
塔城地区 574.42 201.72 372.70 561.44 191.52 369.92
阿勒泰地区 549.27 205.65 343.62 531.00 198.18 332.82
博尔塔拉州 505.07 167.54 337.53 494.99 158.91 336.08
昌吉州 932.45 314.95 617.50 911.66 301.78 609.88
巴音郭楞州 855.56 252.08 603.48 844.49 244.24 600.25
阿克苏地区 974.13 297.22 676.91 951.13 281.58 669.55
克孜勒苏州 343.16 172.36 170.80 327.89 167.39 160.50
喀什地区 1148.84 359.80 789.04 1104.67 350.69 753.98
和田地区 818.26 324.13 494.13 811.84 318.00 493.84
吐鲁番市 352.68 104.73 247.95 346.45 99.45 247.00
哈密市 427.95 173.27 254.68 394.83 158.64 236.19
