来源标题：2022年辽宁省地方政府一般债务、专项债务分地区限额及余额情况表
来源附件：liaoning_2022_debt_original.pdf；辽宁省财政厅官方附件第4页、第8页。
口径：各市全市；单位：亿元；列顺序为债务限额合计、一般债务限额、专项债务限额、债务余额合计、一般债务余额、专项债务余额。
沈阳市 2077.79 1057.97 1019.82 1907.80 980.41 927.39
大连市 2733.14 1612.31 1120.83 2544.90 1532.67 1012.23
鞍山市 902.79 488.16 414.63 878.14 477.09 401.05
抚顺市 437.82 359.18 78.64 415.71 338.85 76.86
本溪市 359.28 226.53 132.75 345.41 220.94 124.47
丹东市 354.91 294.21 60.70 344.41 284.45 59.96
锦州市 493.96 395.03 98.93 438.08 351.74 86.34
营口市 1036.21 843.47 192.74 1005.08 812.81 192.27
阜新市 193.87 136.73 57.14 186.87 130.16 56.71
辽阳市 377.86 266.27 111.59 371.60 261.50 110.10
铁岭市 340.95 177.10 163.85 334.09 170.81 163.28
朝阳市 281.15 158.44 122.71 259.28 142.84 116.44
盘锦市 810.27 666.90 143.37 785.01 646.46 138.55
葫芦岛市 451.59 369.13 82.46 429.50 348.01 81.49
