陕西省2022年财政预算执行情况
和2023年财政预算（草案）
陕西省财政厅
2023年1月
目    录
一、一般公共预算报表
表1 2022年全省一般公共预算收入执行情况表
表2 2022年全省一般公共预算支出执行情况表
表3 2022年省级一般公共预算收入执行情况表
表4 2022年省级一般公共预算支出执行情况表
表5 2022年中央一般公共预算补助情况表
表6 2022年一般债务限额和余额情况表
说明1 关于2022年一般公共预算执行情况的说明
表7 2023年全省一般公共预算收入预算表
表8 2023年全省一般公共预算支出预算表
表9 2023年省级一般公共预算收入预算表
表10 2023年省级一般公共预算支出预算总表
表11 2023年省级一般公共预算支出预算表
表12 2023年省级一般公共预算支出经济分类预算表
表13 2023年省级一般公共预算基本支出表
表14 2023年省级一般公共预算对市区税收返还和转移支付预算总表
表15 2023年省级一般公共预算对市区专项转移支付预算表
表16 2023年省级一般公共预算专项转移支付分市区预算表
表17 2023年新增一般债券安排方案表
说明2 关于2023年一般公共预算安排情况的说明
二、政府性基金预算报表
表18 2022年全省政府性基金预算收入执行情况表
表19 2022年全省政府性基金预算支出执行情况表
表20 2022年省级政府性基金预算收入执行情况表
表21 2022年省级政府性基金预算支出执行情况表
表22 2022年中央政府性基金补助情况表
表23 2022年专项债务限额和余额情况表
说明3 关于2022年政府性基金预算执行情况的说明
表24 2023年全省政府性基金预算收入预算表
表25 2023年全省政府性基金预算支出预算表
表26 2023年省级政府性基金预算收入预算表
表27 2023年省级政府性基金预算支出预算总表
表28 2023年省级政府性基金预算支出预算表
表29 2023年省级政府性基金预算转移支付预算表
表30 2023年政府性基金预算转移支付分市区预算表
表31 2023年新增专项债券安排方案表
说明4 关于2023年政府性基金预算安排情况的说明
三、国有资本经营预算报表
表32 2022年全省国有资本经营预算收入执行情况表
表33 2022年全省国有资本经营预算支出执行情况表
表34 2022年省级国有资本经营预算收入执行情况表
表35 2022年省级国有资本经营预算支出执行情况表
说明5 关于2022年国有资本经营预算执行情况的说明
表36 2023年全省国有资本经营预算收入预算表
表37 2023年全省国有资本经营预算支出预算表
表38 2023年省级国有资本经营预算收入预算表
表39 2023年省级国有资本经营预算支出预算表
表40 2023年省级国有资本经营预算转移支付分市区预算表
说明6 关于2023年国有资本经营预算安排情况的说明
四、社会保险基金预算报表
表41 2022年全省社会保险基金预算收入执行情况表
表42 2022年全省社会保险基金预算支出执行情况表
说明7 关于2022年全省社会保险基金预算执行情况的说明
表43 2023年全省社会保险基金预算收入预算表
表44 2023年全省社会保险基金预算支出预算表
说明8 关于2023年全省社会保险基金预算安排情况的说明
预算报告名词解释
2022年全省一般公共预算收入执行情况表
表一 单位:万元
项    目 2021年
决算数
2022年
预算数
2022年
执行数
执行数
占预算%
执行数
比上年±%
一、税收收入          22,370,352          23,278,880          26,828,460 115.25 19.93 
     增值税            8,250,596            8,579,989            8,384,353 97.72 1.62 
     企业所得税            3,395,296            3,598,293            4,459,813 123.94 31.35 
     个人所得税            1,051,439            1,082,966            1,388,770 128.24 32.08 
     资源税            3,730,554            3,842,463            6,695,719 174.26 79.48 
     城市维护建设税            1,303,622            1,355,837            1,429,322 105.42 9.64 
     房产税               812,916               861,693               848,497 98.47 4.38 
     印花税               420,682               429,093               437,816 102.03 4.07 
     城镇土地使用税               561,632               584,102               522,609 89.47 -6.95 
     土地增值税               806,403               854,789               832,725 97.42 3.26 
     车船税               293,302               299,168               312,591 104.49 6.58 
     耕地占用税               254,148               269,403               362,188 134.44 42.51 
     契税            1,433,286            1,461,942            1,107,142 75.73 -22.75 
     烟叶税                 17,988                 18,348                 18,808 102.51 4.56 
     环境保护税                 38,488                 40,795                 28,107 68.90 -26.97 
二、非税收入            5,383,887            5,306,372            6,287,330 118.49 16.78 
     专项收入            1,796,858            1,802,682            2,273,026 126.09 26.50 
     行政事业性收费收入               970,361               978,767               818,372 83.61 -15.66 
     罚没收入               679,346               681,472               689,619 101.20 1.51 
     国有资本经营收入                 42,919                 35,537                 13,721 38.61 -68.03 
     国有资源(资产)有偿使用收入            1,465,345            1,341,900            1,748,244 130.28 19.31 
     捐赠收入                   7,252                   5,024                 13,066 260.07 80.17 
     政府住房基金收入               413,969               421,716               698,183 165.56 68.66 
     其他收入                   7,837                 39,273                 33,099 84.28 322.34 
收入合计          27,754,239          28,585,252          33,115,790 115.85 19.32 
2022年全省一般公共预算支出执行情况表
表二 单位：万元
项    目 2021年
决算数
2022年
执行数
执行数
比上年±% 备注
一、一般公共服务支出              5,438,655              6,097,403 12.11 
二、国防支出                   41,524                   46,718 12.51 
三、公共安全支出              2,897,177              3,303,140 14.01 
四、教育支出            10,250,012            10,599,624 3.41 
五、科学技术支出                 930,031              1,097,664 18.02 
六、文化旅游体育与传媒支出              1,617,573              1,368,152 -15.42 
七、社会保障和就业支出              9,575,147            10,715,174 11.91 
八、卫生健康支出              5,657,191              6,682,038 18.12 
九、节能环保支出              1,762,496              2,315,951 31.40 
十、城乡社区支出              4,710,715              5,549,241 17.80 
十一、农林水支出              6,942,569              7,331,382 5.60 
十二、交通运输支出              3,258,277              3,088,730 -5.20 
十三、资源勘探工业信息等支出              1,299,320              1,925,366 48.18 
十四、商业服务业等支出                 474,243                 596,807 25.84 
十五、金融支出                 375,324                 593,902 58.24 
十六、援助其他地区支出                        700                     2,000 185.71 
十七、自然资源海洋气象等支出                 915,204                 917,017 0.20 
十八、住房保障支出              2,088,480              2,447,450 17.19 
十九、粮油物资储备支出                 175,368                 197,609 12.68 
二十、灾害防治及应急管理支出                 518,640                 634,616 22.36 
二十一、其他支出                 335,240                 606,667 80.96 
二十二、债务付息支出              1,418,109              1,539,566 8.56 
二十三、债务发行费支出                   10,205                     7,176 -29.68 
支出合计            60,692,200            67,663,393 11.49 
2022年省级一般公共预算收入执行情况表
表三 单位:万元
项    目 2021年
决算数
2022年
预算数
2022年
执行数
执行数
占预算%
执行数
比上年±%
一、税收收入          6,079,163          6,344,514          7,971,594 125.65 31.13 
     增值税          2,339,840 2,433,335 2,644,884 108.69 13.04 
     企业所得税          1,680,193 1,780,961 2,219,629 124.63 32.11 
     个人所得税             523,848 539,563 691,978 128.25 32.10 
     资源税          1,110,723 1,144,044 1,994,364 174.33 79.56 
     城市维护建设税                 3,973 4,133 5,069 122.65 27.59 
     房产税             242,202 256,735 252,675 98.42 4.32 
     城镇土地使用税             167,232 173,921 155,256 89.27 -7.16 
     环境保护税               11,152 11,821 7,739 65.47 -30.60 
二、非税收入          1,292,352          1,247,837          1,372,374 109.98 6.19 
     专项收入 448,668 466,000 468,912 100.62 4.51 
     行政事业性收费收入 177,150 185,000 172,005 92.98 -2.90 
     罚没收入 63,711 68,000 57,547 84.63 -9.67 
     国有资源(资产)有偿使用收入 570,510 498,837 622,626 124.82 9.13 
     政府住房基金收入 241 41,303 17038.17 
     其他收入 32,072 30,000 9,981 33.27 -68.88 
收入合计          7,371,515          7,592,350          9,343,968 123.07 26.76 
2022年省级一般公共预算支出执行情况表
表四 单位：万元
项    目 2021年
决算数
2022年
执行数
执行数比上年
±% 备注
一、一般公共服务支出                425,553                572,541 34.54 
二、国防支出                    2,638                    5,045 91.24 
三、公共安全支出                443,638                518,824 16.95 
四、教育支出             1,579,208             1,730,421 9.58 
五、科学技术支出                162,895                209,111 28.37 
六、文化旅游体育与传媒支出                358,462                279,639 -21.99 
七、社会保障和就业支出             2,801,657             3,353,838 19.71 
八、卫生健康支出                237,665                278,187 17.05 
九、节能环保支出                  77,777                133,325 71.42 
十、城乡社区支出                  12,741                  15,164 19.02 
十一、农林水支出             1,016,498                704,580 -30.69 
十二、交通运输支出             1,235,795                467,688 -62.15 
十三、资源勘探工业信息等支出                211,434                330,623 56.37 
十四、商业服务业等支出                    7,485                  18,280 144.22 
十五、金融支出                160,173                230,150 43.69 
十六、自然资源海洋气象等支出                225,721                169,567 -24.88 
十七、住房保障支出                  80,053                109,104 36.29 
十八、粮油物资储备支出                  78,469                  80,551 2.65 
十九、灾害防治及应急管理支出                  45,996                  84,296 83.27 
二十、其他支出                    7,352                  89,821 1121.72 
二十一、债务付息支出                499,915                458,428 -8.30 
二十二、债务发行费支出                    3,309                    2,189 -33.85 
支出合计             9,674,434             9,841,372 1.73 
2022年中央一般公共预算补助情况表
表五 单位：万元
项     目 金 额
一、返还性收入                                    1,601,544 
二、一般性转移支付收入                                  28,282,630 
(1)均衡性转移支付收入                                    7,998,400 
(2)县级基本财力保障机制奖补资金收入                                    1,391,999 
(3)结算补助收入                                       684,291 
(4)资源枯竭型城市转移支付补助收入                                       169,600 
(5)产粮（油）大县奖励资金收入                                         52,210 
(6)重点生态功能区转移支付收入                                       470,124 
(7)固定数额补助收入                                    1,687,957 
(8)老少边穷转移支付收入                                       850,590 
(9)公共安全共同财政事权转移支付收入                                       226,354 
(10)教育共同财政事权转移支付收入                                    1,529,533 
(11)科学技术共同财政事权转移支付收入                                         15,700 
(12)文化旅游体育与传媒共同财政事权转移支付收入                                         94,686 
(13)社会保障和就业共同财政事权转移支付收入                                    4,909,707 
(14)医疗卫生共同财政事权转移支付收入                                    1,978,994 
(15)节能环保共同财政事权转移支付收入                                       639,727 
(16)农林水共同财政事权转移支付收入                                    1,557,115 
(17)交通运输共同财政事权转移支付收入                                       982,631 
(18)资源勘探信息等共同财政事权转移支付收入                                           4,446 
(19)住房保障共同财政事权转移支付收入                                       234,646 
(20)粮油物资储备共同财政事权转移支付收入                                         33,377 
(21)灾害防治及应急管理共同财政事权转移支付收入                                         36,851 
(22)增值税留抵退税转移支付收入                                    1,390,000 
(23)其他退税减税降费转移支付收入                                       336,300 
(24)补充县区财力转移支付收入                                    1,004,700 
2022年中央一般公共预算补助情况表
表五 单位：万元
项     目 金 额
(25)其他一般性转移支付收入                                           2,692 
三、专项转移支付收入                                    2,639,028 
(1)一般公共服务                                           6,233 
(2)国防                                           7,259 
(3)教育                                         76,470 
(4)科学技术                                         21,263 
(5)文化旅游体育与传媒                                         38,131 
(6)社会保障和就业                                         36,743 
(7)卫生健康                                       129,371 
(8)节能环保                                       821,240 
(9)城乡社区                                         64,336 
(10)农林水                                       659,868 
(11)交通运输                                       106,677 
(12)资源勘探信息等                                         85,296 
(13)商业服务业等                                         69,514 
(14)自然资源海洋气象等                                         60,000 
(15)住房保障                                       363,936 
(16)粮油物资储备                                           2,800 
(17)灾害防治及应急管理                                         70,572 
(18)其他                                         19,319 
补助合计                                  32,523,202 
2022年一般债务限额和余额情况表
表六 单位：亿元
级    次 一般债务限额 一般债务余额
全省合计                                     5,193.84                                     4,615.61 
省级                                     1,475.25                                     1,384.37 
市区小计                                     3,718.59                                     3,231.24 
西安市                                     1,174.83                                     1,007.73 
铜川市                                        103.25                                          97.33 
宝鸡市                                        226.32                                        183.86 
咸阳市                                        202.66                                        171.31 
渭南市                                        292.90                                        259.17 
汉中市                                        232.50                                        198.76 
安康市                                        336.80                                        313.37 
商洛市                                        338.23                                        309.07 
延安市                                        396.46                                        314.50 
榆林市                                        359.60                                        332.35 
杨凌示范区                                          55.03                                          43.79 
2023年全省一般公共预算收入预算表
表七 单位：万元
项         目 2022年
执行数
2023年
预算数
预算数
比上年±% 备注
一、税收收入            26,828,460            27,939,480 4.14 
     增值税              8,384,353              9,311,376 11.06 
     企业所得税              4,459,813              4,615,346 3.49 
     个人所得税              1,388,770              1,446,060 4.13 
     资源税              6,695,719              6,418,055 -4.15 
     城市维护建设税              1,429,322              1,492,674 4.43 
     房产税                 848,497                 889,555 4.84 
     印花税                 437,816                 456,832 4.34 
     城镇土地使用税                 522,609                 546,801 4.63 
     土地增值税                 832,725                 869,264 4.39 
     车船税                 312,591                 323,519 3.50 
     耕地占用税                 362,188                 368,387 1.71 
     契税              1,107,142              1,153,047 4.15 
     烟叶税                   18,808                   19,460 3.47 
     环境保护税                   28,107                   29,104 3.55 
二、非税收入              6,287,330              6,169,784 -1.87 
     专项收入              2,273,026              2,308,270 1.55 
     行政事业性收费收入                 818,372                 826,478 0.99 
     罚没收入                 689,619                 692,268 0.38 
     国有资本经营收入                   13,721                   15,452 12.62 
     国有资源(资产)有偿使用收入              1,748,244              1,613,758 -7.69 
     捐赠收入                   13,066                   12,968 -0.75 
     政府住房基金收入                 698,183                 668,406 -4.26 
     其他收入                   33,099                   32,184 -2.76 
收入合计            33,115,790            34,109,264 3.00 
地方政府债务收入              1,720,000 
转移性收入            31,688,013 
　中央补助收入            26,097,705 
    返还性收入              1,601,544 
    一般性转移支付补助            23,850,281 
    专项转移支付补助                 645,880 
  调入资金              4,081,256 
    从政府性基金调入一般公共预算              2,401,030 
2023年全省一般公共预算收入预算表
表七 单位：万元
项         目 2022年
执行数
2023年
预算数
预算数
比上年±% 备注
    从国有资本经营预算调入一般公共预算                 739,642 
    从其他资金调入一般公共预算                 940,584 
  动用预算稳定调节基金              1,509,052 
收入总计            67,517,277 
2023年全省一般公共预算支出预算表
表八 单位：万元
项       目 2022年
预算数
2023年
预算数
预算数比上年预算
±%
一、一般公共服务支出 3,847,325 5,038,552 30.96 
二、国防支出 38,576 77,647 101.28 
三、公共安全支出 2,514,808 2,950,048 17.31 
四、教育支出 10,053,463 10,986,240 9.28 
五、科学技术支出 685,631 1,014,179 47.92 
六、文化旅游体育与传媒支出 1,358,890 1,450,120 6.71 
七、社会保障和就业支出 9,061,830 10,983,764 21.21 
八、卫生健康支出 4,995,494 5,787,187 15.85 
九、节能环保支出 1,473,596 1,718,471 16.62 
十、城乡社区支出 4,413,975 5,433,625 23.10 
十一、农林水支出 6,669,599 7,605,216 14.03 
十二、交通运输支出 3,137,533 3,692,319 17.68 
十三、资源勘探工业信息等支出 922,431 1,169,121 26.74 
十四、商业服务业等支出 516,395 626,639 21.35 
十五、金融支出 181,796 234,881 29.20 
十六、援助其他地区支出 740 740 
十七、自然资源海洋气象等支出 692,968 828,354 19.54 
十八、住房保障支出 1,635,881 2,203,033 34.67 
十九、粮油物资储备支出 160,507 213,966 33.31 
二十、灾害防治及应急管理支出 262,221 465,654 77.58 
二十一、预备费 603,117 690,816 14.54 
二十二、其他支出 1,022,697 1,343,168 31.34 
二十三、债务付息支出 1,771,752 1,895,245 6.97 
二十四、债务发行费支出 2,000 9,632 381.60 
支出合计 56,023,223 66,418,619 18.56 
上解中央支出 367,464 422,098 
　　出口退税上解支出 17,800 17,800 
　　专项上解支出 349,664 404,298 
债务还本支出 866,039 676,560 
2023年全省一般公共预算支出预算表
表八 单位：万元
项       目 2022年
预算数
2023年
预算数
预算数比上年预算
±%
支出总计 57,256,727 67,517,277 
2023年省级一般公共预算收入预算表
表九 单位：万元
项        目 2022年
执行数
2023年
预算数
预算数比上年
±% 备注
一、税收收入 7,971,594 8,304,279 4.17 
      增值税 2,644,884 2,936,072 11.01 
      企业所得税 2,219,629 2,295,565 3.42 
      个人所得税 691,978 720,405 4.11 
      资源税 1,994,364 1,911,566 -4.15 
      城市维护建设税 5,069 5,291 4.38 
      房产税 252,675 264,886 4.83 
      城镇土地使用税 155,256 162,486 4.66 
      环境保护税 7,739 8,008 3.48 
二、非税收入 1,372,374 1,320,008 -3.82 
      专项收入 468,912 477,729 1.88 
      行政事业性收费收入 172,005 172,150 0.08 
      罚没收入 57,547 57,112 -0.76 
      国有资源（资产）有偿使用收入 622,626 587,090 -5.71 
      政府住房基金收入 41,303 17,042 -58.74 
      其他收入 9,981 8,885 -10.98 
收入合计 9,343,968 9,624,287 3.00 
地方政府债务收入 1,720,000 
转移性收入 28,164,690 
  上级补助收入 26,097,705 
    返还性收入 1,601,544 
    一般性转移支付收入 23,850,281 
    专项转移支付收入 645,880 
  下级上解收入 808,272 
    出口退税专项上解收入 13,890 
    专项上解收入 794,382 
  调入资金 104,161 
    从国有资本经营预算调入一般公共预算 104,161 
  动用预算稳定调节基金 1,154,552 
收入总计 39,508,977 
2023年省级一般公共预算支出预算总表
表十 单位：万元
项    目 2022年
预算数
2023年
预算数
预算数比上年预
算±%
一、一般公共服务支出 433,024 437,581 1.05 
二、国防支出 5,740 31,366 446.44 
三、公共安全支出 432,908 430,046 -0.66 
四、教育支出 1,682,991 1,706,638 1.41 
五、科学技术支出 198,398 230,811 16.34 
六、文化旅游体育与传媒支出 302,241 291,109 -3.68 
七、社会保障和就业支出 2,708,135 3,638,352 34.35 
八、卫生健康支出 247,849 276,840 11.70 
九、节能环保支出 55,705 113,431 103.63 
十、城乡社区支出 22,536 23,288 3.34 
十一、农林水支出 448,435 511,518 14.07 
十二、交通运输支出 619,626 360,636 -41.80 
十三、资源勘探工业信息等支出 302,202 396,247 31.12 
十四、商业服务业等支出 14,498 34,229 136.10 
十五、金融支出 241,556 277,903 15.05 
十六、自然资源海洋气象等支出 112,027 154,488 37.90 
十七、住房保障支出 120,321 143,268 19.07 
十八、粮油物资储备支出 79,843 94,664 18.56 
十九、灾害防治及应急管理支出 41,624 55,393 33.08 
二十、预备费 180,000 200,000 11.11 
二十一、其他支出 487,978 814,036 66.82 
二十二、债务付息支出 425,800 573,764 34.75 
二十三、债务发行费用支出 2,000 2,800 40.00 
支出合计 9,165,437 10,798,408 17.82 
地方政府一般债券转贷支出 380,000 1,720,000 
转移性支出 23,743,892 26,790,569 
    省对下税收返还支出 785,273 785,273 
    省对下一般性转移支付支出 18,149,097 22,777,641 
    省对下专项转移支付 4,442,058 2,805,557 
2023年省级一般公共预算支出预算总表
表十 单位：万元
项    目 2022年
预算数
2023年
预算数
预算数比上年预
算±%
    省对中央上解支出 367,464 422,098 
债务还本支出 200,000 200,000 
支出总计 33,489,329 39,508,977 
2023年省级一般公共预算支出预算表
表十一 单位：万元
项    目 预算数
合    计 10,798,408 
一、一般公共服务支出 437,581 
     人大事务 9,186 
         行政运行 5,728 
         一般行政管理事务 416 
         机关服务 1,359 
         人大会议 840 
         人大立法 220 
         人大监督 60 
         代表工作 369 
         人大信访工作 8 
         事业运行 126 
         其他人大事务支出 60 
     政协事务 10,142 
         行政运行 4,184 
         一般行政管理事务 2,270 
         政协会议 760 
         参政议政 681 
         事业运行 103 
         其他政协事务支出 2,145 
       政府办公厅(室)及相关机构事务 39,112 
         行政运行 16,569 
         一般行政管理事务 7,313 
         机关服务 3,170 
         专项业务及机关事务管理 800 
         信访事务 736 
         事业运行 7,267 
         其他政府办公厅(室)及相关机构事务支出 3,258 
       发展与改革事务 19,408 
         行政运行 7,394 
         一般行政管理事务 69 
         战略规划与实施 700 
         物价管理 214 
         事业运行 5,539 
         其他发展与改革事务支出 5,491 
       统计信息事务 6,496 
         行政运行 5,092 
         专项统计业务 179 
2023年省级一般公共预算支出预算表
表十一 单位：万元
项    目 预算数
         统计管理 781 
         专项普查活动 261 
         统计抽样调查 161 
         其他统计信息事务支出 22 
       财政事务 29,638 
         行政运行 9,483 
         一般行政管理事务 2,322 
         机关服务 4,021 
         预算改革业务 459 
         财政国库业务 368 
         信息化建设 6,495 
         财政委托业务支出 516 
         事业运行 2,740 
         其他财政事务支出 3,234 
       审计事务 9,166 
         行政运行 5,157 
         一般行政管理事务 40 
         机关服务 895 
         审计业务 2,984 
         信息化建设 90 
       纪检监察事务 16,453 
         行政运行 7,422 
         一般行政管理事务 1,421 
         大案要案查处 5,368 
         巡视工作 2,243 
       商贸事务 15,502 
         行政运行 3,962 
         一般行政管理事务 1,110 
         对外贸易管理 267 
         国内贸易管理 187 
         招商引资 8,000 
         事业运行 531 
         其他商贸事务支出 1,444 
       知识产权事务 7,482 
         行政运行 1,043 
         一般行政管理事务 86 
         知识产权宏观管理 6,060 
         事业运行 294 
2023年省级一般公共预算支出预算表
表十一 单位：万元
项    目 预算数
       民族事务 1,888 
         行政运行 1,344 
         民族工作专项 544 
       档案事务 3,636 
         行政运行 2,536 
         档案馆 1,100 
       民主党派及工商联事务 5,290 
         行政运行 4,482 
         一般行政管理事务 145 
         参政议政 529 
         其他民主党派及工商联事务支出 134 
       群众团体事务 19,610 
         行政运行 9,495 
         一般行政管理事务 5,036 
         机关服务 226 
         事业运行 360 
         其他群众团体事务支出 4,492 
       党委办公厅(室)及相关机构事务 19,306 
         行政运行 7,663 
         一般行政管理事务 2,576 
         机关服务 2,515 
         专项业务 3,314 
         事业运行 2,828 
         其他党委办公厅(室)及相关机构事务支出 409 
       组织事务 20,446 
         行政运行 6,210 
         一般行政管理事务 4,158 
         事业运行 717 
         其他组织事务支出 9,361 
       宣传事务 21,244 
         行政运行 6,034 
         一般行政管理事务 2,622 
         宣传管理 461 
         事业运行 3,427 
         其他宣传事务支出 8,701 
       统战事务 4,123 
         行政运行 1,953 
         一般行政管理事务 382 
2023年省级一般公共预算支出预算表
表十一 单位：万元
项    目 预算数
         宗教事务 1,373 
         华侨事务 165 
         事业运行 229 
         其他统战事务支出 21 
       其他共产党事务支出 21,989 
         行政运行 11,458 
         一般行政管理事务 1,114 
         机关服务 264 
         事业运行 1,204 
         其他共产党事务支出 7,950 
       市场监督管理事务 61,660 
         行政运行 12,263 
         一般行政管理事务 2,088 
         机关服务 295 
         市场主体管理 233 
         市场秩序执法 1,433 
         信息化建设 3,830 
         质量基础 1,627 
         药品事务 7,140 
         医疗器械事务 1,379 
         化妆品事务 740 
         质量安全监管 2,783 
         食品安全监管 4,172 
         事业运行 16,482 
         其他市场监督管理事务 7,196 
       其他一般公共服务支出 95,805 
         其他一般公共服务支出 95,805 
 二、国防支出 31,366 
       国防动员 31,366 
         人民防空 2,386 
         其他国防动员支出 28,980 
 三、公共安全支出 430,046 
       武装警察部队 220 
         其他武装警察部队支出 220 
       公安 70,490 
         行政运行 40,277 
         一般行政管理事务 11,167 
         信息化建设 6,482 
2023年省级一般公共预算支出预算表
表十一 单位：万元
项    目 预算数
         执法办案 9,098 
         特勤业务 2,633 
         移民事务 431 
         事业运行 301 
         其他公安支出 100 
       国家安全 26,510 
         行政运行 26,490 
         机关服务 20 
       检察 12,814 
         行政运行 10,362 
         一般行政管理事务 18 
         机关服务 298 
         检察监督 1,571 
         其他检察支出 565 
       法院 21,312 
         行政运行 13,324 
         一般行政管理事务 2,978 
         机关服务 1,654 
         案件审判 1,913 
         案件执行 154 
         “两庭”建设 50 
         事业运行 738 
         其他法院支出 501 
       司法 7,517 
         行政运行 4,270 
         一般行政管理事务 553 
         基层司法业务 212 
         普法宣传 450 
         律师管理 90 
         公共法律服务 207 
         国家统一法律职业资格考试 67 
         社区矫正 90 
         法治建设 1,002 
         信息化建设 80 
         其他司法支出 495 
       监狱 190,884 
         行政运行 154,339 
         罪犯生活及医疗卫生 11,760 
2023年省级一般公共预算支出预算表
表十一 单位：万元
项    目 预算数
         监狱业务及罪犯改造 3,627 
         狱政设施建设 948 
         其他监狱支出 20,211 
       强制隔离戒毒 44,418 
         行政运行 32,799 
         一般行政管理事务 1,579 
         强制隔离戒毒人员生活 2,453 
         强制隔离戒毒人员教育 123 
         所政设施建设 347 
         信息化建设 876 
         其他强制隔离戒毒支出 6,241 
       其他公共安全支出 55,882 
         其他公共安全支出 55,882 
 四、教育支出 1,706,638 
       教育管理事务 4,461 
         行政运行 3,446 
         一般行政管理事务 51 
         其他教育管理事务支出 964 
       普通教育 1,033,324 
         学前教育 2,344 
         小学教育 1,004 
         初中教育 3,197 
         高中教育 6,576 
         高等教育 937,913 
         其他普通教育支出 82,289 
       职业教育 337,530 
         中等职业教育 36,221 
         技校教育 48,634 
         高等职业教育 252,674 
       成人教育 702 
         成人高等教育 702 
       进修及培训 36,158 
         教师进修 150 
         干部教育 17,854 
         培训支出 18,154 
       其他教育支出 294,463 
         其他教育支出 294,463 
 五、科学技术支出 230,811 
2023年省级一般公共预算支出预算表
表十一 单位：万元
项    目 预算数
       科学技术管理事务 3,095 
         行政运行 2,855 
         其他科学技术管理事务支出 240 
       基础研究 17,385 
         自然科学基金 13,885 
         专项基础科研 3,500 
       应用研究 17,825 
         机构运行 13,594 
         社会公益研究 3,221 
         其他应用研究支出 1,010 
       技术研究与开发 19,740 
         机构运行 1,920 
         科技成果转化与扩散 17,100 
         其他技术研究与开发支出 720 
       科技条件与服务 281 
         其他科技条件与服务支出 281 
       社会科学 5,400 
         社会科学研究机构 3,753 
         社会科学研究 1,502 
         其他社会科学支出 145 
       科学技术普及 6,745 
         机构运行 1,505 
         科普活动 2,621 
         青少年科技活动 216 
         科技馆站 1,988 
         其他科学技术普及支出 415 
       科技交流与合作 15 
         国际交流与合作 15 
       科技重大项目 32,221 
         重点研发计划 32,221 
       其他科学技术支出 128,104 
         其他科学技术支出 128,104 
 六、文化旅游体育与传媒支出 291,109 
       文化和旅游 61,229 
         行政运行 3,225 
         机关服务 192 
         图书馆 8,131 
         文化展示及纪念机构 906 
2023年省级一般公共预算支出预算表
表十一 单位：万元
项    目 预算数
         艺术表演团体 5,831 
         群众文化 853 
         文化创作与保护 5,523 
         旅游宣传 5,810 
         其他文化和旅游支出 30,760 
       文物 75,687 
         行政运行 1,585 
         一般行政管理事务 381 
         文物保护 25,195 
         博物馆 41,550 
         其他文物支出 6,975 
       体育 29,700 
         行政运行 1,445 
         一般行政管理事务 72 
         运动项目管理 9,949 
         体育训练 4,823 
         体育场馆 1,174 
         其他体育支出 12,236 
       新闻出版电影 717 
         出版发行 354 
         其他新闻出版电影支出 363 
       广播电视 13,898 
         行政运行 1,604 
         一般行政管理事务 594 
         监测监管 757 
         传输发射 2,308 
         广播电视事务 4,718 
         其他广播电视支出 3,917 
       其他文化旅游体育与传媒支出 109,878 
         文化产业发展专项支出 27,000 
         其他文化旅游体育与传媒支出 82,878 
 七、社会保障和就业支出 3,638,352 
       人力资源和社会保障管理事务 43,525 
         行政运行 4,580 
         机关服务 914 
         社会保险经办机构 30,706 
         事业运行 1,981 
         其他人力资源和社会保障管理事务支出 5,344 
2023年省级一般公共预算支出预算表
表十一 单位：万元
项    目 预算数
       民政管理事务 55,268 
         行政运行 2,234 
         机关服务 110 
         社会组织管理 100 
         行政区划和地名管理 213 
         其他民政管理事务支出 52,611 
       行政事业单位养老支出 486,080 
         行政单位离退休 7,433 
         事业单位离退休 13,860 
         离退休人员管理机构 3,421 
         机关事业单位基本养老保险缴费支出 150,202 
         机关事业单位职业年金缴费支出 47,369 
         对机关事业单位基本养老保险基金的补助 254,532 
         对机关事业单位职业年金的补助 8 
         其他行政事业单位养老支出 9,256 
       企业改革补助 71,544 
         其他企业改革发展补助 71,544 
       就业补助 5,951 
         就业创业服务补贴 1,224 
         高技能人才培养补助 3,560 
         其他就业补助支出 1,167 
       抚恤 50,320 
         伤残抚恤 152 
         其他优抚支出 50,168 
       退役安置 163,740 
         军队移交政府的离退休人员安置 1,085 
         军队移交政府离退休干部管理机构 714 
         军队转业干部安置 161,941 
       社会福利 22,432 
         康复辅具 328 
         其他社会福利支出 22,103 
       残疾人事业 12,813 
         行政运行 1,571 
         机关服务 90 
         残疾人康复 5,341 
         残疾人就业 1,361 
         残疾人体育 1,830 
         其他残疾人事业支出 2,619 
2023年省级一般公共预算支出预算表
表十一 单位：万元
项    目 预算数
       红十字事业 1,463 
         行政运行 615 
         一般行政管理事务 106 
         事业运行 391 
         其他红十字事业支出 351 
       财政对基本养老保险基金的补助 2,211,728 
         财政对企业职工基本养老保险基金的补助 2,211,728 
       财政对其他社会保险基金的补助 1,100 
         财政对工伤保险基金的补助 1,100 
       退役军人管理事务 4,556 
         行政运行 1,575 
         拥军优属 1,325 
         事业运行 513 
         其他退役军人事务管理支出 1,142 
       其他社会保障和就业支出 507,834 
         其他社会保障和就业支出 507,834 
 八、卫生健康支出 276,840 
       卫生健康管理事务 10,530 
         行政运行 4,683 
         一般行政管理事务 3,707 
         机关服务 707 
         其他卫生健康管理事务支出 1,432 
       公立医院 39,635 
         综合医院 13,845 
         中医(民族)医院 4,045 
         妇幼保健医院 1,120 
         其他专科医院 2,089 
         优抚医院 6,385 
         其他公立医院支出 12,150 
       公共卫生 28,266 
         疾病预防控制机构 10,102 
         卫生监督机构 1,992 
         基本公共卫生服务 1,860 
         重大公共卫生服务 14,311 
       中医药 13,889 
         其他中医药支出 13,889 
       行政事业单位医疗 91,983 
         行政单位医疗 30,472 
2023年省级一般公共预算支出预算表
表十一 单位：万元
项    目 预算数
         事业单位医疗 54,134 
         公务员医疗补助 6,751 
         其他行政事业单位医疗支出 627 
       优抚对象医疗 506 
         优抚对象医疗补助 506 
       医疗保障管理事务 7,226 
         行政运行 1,159 
         一般行政管理事务 335 
         医疗保障经办事务 852 
         事业运行 339 
         其他医疗保障管理事务支出 4,542 
       老龄卫生健康事务 274 
         老龄卫生健康事务 274 
       其他卫生健康支出 84,531 
         其他卫生健康支出 84,531 
 九、节能环保支出 113,431 
       环境保护管理事务 11,439 
         行政运行 6,731 
         机关服务 543 
         生态环境保护宣传 1,986 
         环境保护法规、规划及标准 75 
         应对气候变化管理事务 490 
         其他环境保护管理事务支出 1,615 
       环境监测与监察 9,504 
         建设项目环评审查与监督 2,677 
         核与辐射安全监督 2,452 
         其他环境监测与监察支出 4,375 
       污染防治 12,101 
         大气 8,936 
         水体 2,061 
         固体废弃物与化学品 240 
         放射源和放射性废物监管 577 
         土壤 257 
         其他污染防治支出 30 
       自然生态保护 4,684 
         生态保护 1,424 
         农村环境保护 60 
         生物及物种资源保护 790 
2023年省级一般公共预算支出预算表
表十一 单位：万元
项    目 预算数
         自然保护地 2,410 
       天然林保护 16,565 
         森林管护 8,488 
         社会保险补助 8,077 
       污染减排 8,785 
         生态环境监测与信息 8,785 
       其他节能环保支出 50,354 
         其他节能环保支出 50,354 
 十、城乡社区支出 23,288 
       城乡社区管理事务 12,491 
         行政运行 3,954 
         一般行政管理事务 892 
         工程建设标准规范编制与监管 166 
         工程建设管理 395 
         住宅建设与房地产市场监管 1,009 
         执业资格注册、资质审查 4,223 
         其他城乡社区管理事务支出 1,852 
       城乡社区规划与管理 1,111 
         城乡社区规划与管理 1,111 
       城乡社区公共设施 43 
         其他城乡社区公共设施支出 43 
       城乡社区环境卫生 200 
         城乡社区环境卫生 200 
       建设市场管理与监督 143 
         建设市场管理与监督 143 
       其他城乡社区支出 9,299 
         其他城乡社区支出 9,299 
 十一、农林水支出 511,518 
       农业农村 45,751 
         行政运行 5,444 
         一般行政管理事务 16 
         机关服务 235 
         事业运行 9,533 
         农垦运行 1,514 
         科技转化与推广服务 4,759 
         病虫害控制 945 
         农产品质量安全 984 
         执法监管 70 
2023年省级一般公共预算支出预算表
表十一 单位：万元
项    目 预算数
         统计监测与信息服务 127 
         行业业务管理 632 
         对外交流与合作 91 
         农业生产发展 19,120 
         农产品加工与促销 375 
         农业资源保护修复与利用 347 
         其他农业农村支出 1,560 
       林业和草原 40,076 
         行政运行 5,309 
         机关服务 233 
         事业机构 8,331 
         森林资源培育 6,160 
         技术推广与转化 520 
         森林资源管理 7,390 
         动植物保护 8,202 
         湿地保护 340 
         防沙治沙 120 
         产业化管理 660 
         信息管理 288 
         林业草原防灾减灾 1,112 
         行业业务管理 1,050 
         其他林业和草原支出 362 
       水利 239,249 
         行政运行 2,183 
         机关服务 206 
         水利行业业务管理 30,792 
         水利工程建设 37,885 
         水利前期工作 7,000 
         水土保持 3,061 
         防汛 1,673 
         其他水利支出 156,450 
       巩固脱贫攻坚成果衔接乡村振兴 152,495 
         行政运行 2,974 
         一般行政管理事务 898 
         生产发展 16,024 
         贷款奖补和贴息 130,599 
         其他巩固脱贫攻坚成果衔接乡村振兴支出 2,000 
       普惠金融发展支出 868 
2023年省级一般公共预算支出预算表
表十一 单位：万元
项    目 预算数
         农业保险保费补贴 868 
       其他农林水支出 33,078 
         其他农林水支出 33,078 
 十二、交通运输支出 360,636 
       公路水路运输 329,464 
         行政运行 2,457 
         公路养护 10,000 
         公路运输管理 23,380 
         航道维护 221 
         船舶检验 122 
         海事管理 118 
         水路运输管理支出 1,535 
         其他公路水路运输支出 291,631 
       邮政业支出 572 
         其他邮政业支出 572 
       车辆购置税支出 24,237 
         车辆购置税用于公路等基础设施建设支出 24,237 
       其他交通运输支出 6,362 
         其他交通运输支出 6,362 
 十三、资源勘探工业信息等支出 396,247 
       资源勘探开发 44,237 
         行政运行 2,964 
         一般行政管理事务 1,842 
         煤炭勘探开采和洗选 12,314 
         有色金属矿勘探和采选 26,876 
         其他资源勘探业支出 241 
       工业和信息产业监管 46,026 
         行政运行 6,366 
         一般行政管理事务 3,741 
         专用通信 1,438 
         无线电及信息通信监管 4,836 
         工程建设及运行维护 80 
         其他工业和信息产业监管支出 29,564 
       国有资产监管 108 
         其他国有资产监管支出 108 
       支持中小企业发展和管理支出 22,546 
         中小企业发展专项 21,670 
         其他支持中小企业发展和管理支出 876 
2023年省级一般公共预算支出预算表
表十一 单位：万元
项    目 预算数
       其他资源勘探工业信息等支出 283,330 
         其他资源勘探工业信息等支出 283,330 
 十四、商业服务业等支出 34,229 
       商业流通事务 25,651 
         行政运行 2,117 
         一般行政管理事务 818 
         其他商业流通事务支出 22,717 
       涉外发展服务支出 5,240 
         其他涉外发展服务支出 5,240 
       其他商业服务业等支出 3,338 
         其他商业服务业等支出 3,338 
 十五、金融支出 277,903 
       金融部门行政支出 1,564 
         行政运行 759 
         一般行政管理事务 806 
       金融发展支出 175,200 
         补充资本金 155,000 
         其他金融发展支出 20,200 
       其他金融支出 101,138 
         其他金融支出 101,138 
 十六、自然资源海洋气象等支出 154,488 
       自然资源事务 122,961 
         行政运行 4,643 
         自然资源规划及管理 350 
         自然资源利用与保护 33,010 
         自然资源行业业务管理 900 
         自然资源调查与确权登记 7,710 
         地质勘查与矿产资源管理 2,270 
         地质勘查基金(周转金)支出 20,000 
         自然资源卫星 200 
         基础测绘与地理信息监管 4,376 
         事业运行 42,558 
         其他自然资源事务支出 6,944 
       气象事务 8,190 
         气象事业机构 2,037 
         气象服务 6,153 
       其他自然资源海洋气象等支出 23,337 
         其他自然资源海洋气象等支出 23,337 
2023年省级一般公共预算支出预算表
表十一 单位：万元
项    目 预算数
 十七、住房保障支出 143,268 
       住房改革支出 118,778 
         住房公积金 117,716 
         购房补贴 1,062 
       城乡社区住宅 24,490 
         其他城乡社区住宅支出 24,490 
 十八、粮油物资储备支出 94,664 
       粮油物资事务 90,617 
         行政运行 1,382 
         机关服务 291 
         专项业务活动 389 
         粮食风险基金 86,180 
         事业运行 221 
         其他粮油物资事务支出 2,155 
       重要商品储备 4,048 
         化肥储备 1,259 
         医药储备 850 
         应急物资储备 1,388 
         其他重要商品储备支出 550 
 十九、灾害防治及应急管理支出 55,393 
       应急管理事务 41,096 
         行政运行 4,133 
         灾害风险防治 602 
         安全监管 2,891 
         应急救援 50 
         应急管理 3,399 
         事业运行 955 
         其他应急管理支出 29,067 
       消防救援事务 8,678 
         消防应急救援 8,678 
       地震事务 849 
         地震监测 345 
         地震应急救援 164 
         地震事业机构 339 
       自然灾害防治 3,831 
         地质灾害防治 3,636 
         其他自然灾害防治支出 195 
       其他灾害防治及应急管理支出 940 
2023年省级一般公共预算支出预算表
表十一 单位：万元
项    目 预算数
         其他灾害防治及应急管理支出 940 
 二十、预备费 200,000 
 二十一、其他支出 814,036 
       其他支出 814,036 
         其他支出 814,036 
 二十二、债务付息支出 573,764 
       地方政府一般债务付息支出 573,764 
         地方政府一般债券付息支出 573,764 
 二十三、债务发行费用支出 2,800 
       地方政府一般债务发行费用支出 2,800 
2023年省级一般公共预算支出经济分类预算表
表十二 单位：万元
项    目 合计
机关工资福利支出 机关商品和服务支出
小计
工资奖
金津补
贴
社会保
障缴费
住房公
积金
其他工
资福利
支出
小计 办公经
费 会议费 培训费
专用材
料费购
置费
委托业
务费
公务接
待费
因公出
国
（境）
费用
公务用
车运行
维护费
维修
（护）
费
其他商
品和服
务支出
合    计 10,798,408 619,477 393,195 105,517 45,627 75,138 1,020,185 117,597 6,583 13,912 14,359 156,717 2,168 2,335 6,239 19,961 680,313 
一、一般公共服务支出 437,581 108,348 98,964 592 8,793 132,237 43,581 3,848 58 51 41,215 1,592 1,239 2,493 8,037 30,122 
二、国防支出 31,366 21,439 294 120 21,025 
三、公共安全支出 430,046 242,171 187,531 54,640 87,227 39,980 308 35 13,317 10,849 285 237 2,379 6,287 13,551 
四、教育支出 1,706,638 16,401 12,833 610 2,957 20,241 2,902 85 11,962 1,805 28 105 131 245 2,977 
五、科学技术支出 230,811 3,985 3,674 7 305 194,855 686 84 1,256 13 30 53 13 192,720 
六、文化旅游体育与传媒支出 291,109 8,063 7,233 32 798 129,867 2,472 137 8,073 22 167 178 133 118,685 
七、社会保障和就业支出 3,638,352 101,264 31,727 67,914 1,623 22,734 8,044 508 374 6,198 77 92 205 2,284 4,952 
八、卫生健康支出 276,840 44,912 6,915 36,018 1,978 26,833 4,982 303 125 39 20,626 13 82 120 41 500 
九、节能环保支出 113,431 5,739 4,764 200 775 27,078 2,059 90 315 21,337 27 34 117 105 2,993 
十、城乡社区支出 23,288 3,365 2,779 6 580 3,205 527 103 2,477 8 28 25 14 24 
十一、农林水支出 511,518 15,916 15,369 10 537 17,925 4,469 560 958 171 10,120 25 109 209 311 994 
十二、交通运输支出 360,636 1,893 1,858 36 234,607 1,006 3 6,433 5 26 21 84 227,028 
十三、资源勘探工业信息等支出 396,247 8,679 8,327 352 11,216 3,117 294 4,338 28 101 136 1,236 1,966 
十四、商业服务业等支出 34,229 1,254 1,198 56 28,457 192 18 3,806 3 8 8 20 24,403 
十五、金融支出 277,903 632 564 20 49 865 200 8 613 2 10 9 10 13 
十六、自然资源海洋气象等支出 154,488 4,894 3,428 100 1,366 45,411 1,141 57 422 11,833 10 27 65 83 31,774 
十七、住房保障支出 143,268 46,262 635 45,627 
十八、粮油物资储备支出 94,664 1,106 1,090 16 1,540 265 15 577 2 13 10 17 640 
十九、灾害防治及应急管理支出 55,393 4,593 4,308 8 277 14,448 1,678 159 400 43 5,041 27 28 83 1,043 5,946 
二十、预备费 200,000 
二十一、其他支出 814,036 
二十二、债务付息支出 573,764 
二十三、债务发行费支出 2,800 
2023年省级一般公共预算支出经济分类预算表
表十二
项    目
合    计
一、一般公共服务支出
二、国防支出
三、公共安全支出
四、教育支出
五、科学技术支出
六、文化旅游体育与传媒支出
七、社会保障和就业支出
八、卫生健康支出
九、节能环保支出
十、城乡社区支出
十一、农林水支出
十二、交通运输支出
十三、资源勘探工业信息等支出
十四、商业服务业等支出
十五、金融支出
十六、自然资源海洋气象等支出
十七、住房保障支出
十八、粮油物资储备支出
十九、灾害防治及应急管理支出
二十、预备费
二十一、其他支出
二十二、债务付息支出
二十三、债务发行费支出
2023年省级一般公共预算支出经济分类预算表
单位：万元
机关资本性支出（一） 机关资本性支出
（二） 对事业单位经常性补助 对事业单位资本性补助 对企业补助
小计 基础设
施建设
公务用
车购置
设备购
置
大型修
缮
其他资
本性支
出
小计 基础设
施建设 小计 工资福利
支出
商品和服
务支出 小计
资本性
支出
（一）
资本性
支出
（二）
小计 利息补
贴
其他对
企业补
助
276,160 2,825 1,860 22,075 2,763 246,637 11,280 11,280 2,666,781 984,765 1,682,016 64,562 60,532 4,030 433,600 48,517 385,083 
68,468 1,245 7,083 1,488 58,652 8,280 8,280 77,817 32,167 45,650 4,937 4,937 78 78 
366 20 346 5,257 5,257 169 169 
8,876 173 7,467 1,032 203 18,109 2,261 15,848 409 409 
200 140 60 2,000 2,000 1,292,551 420,523 872,028 4,365 365 4,000 
64 40 8 17 1,000 1,000 25,933 15,046 10,887 507 507 
2,035 40 1,941 55 112,452 57,846 54,606 14,983 14,983 6,491 6,491 
840 56 542 243 470,508 138,660 331,847 4,154 4,154 66,239 66,239 
678 40 636 2 174,240 84,835 89,404 1,918 1,888 30 
734 28 706 69,859 4,319 65,540 7,955 7,955 
219 219 14,033 3,066 10,967 854 854 
187,210 59 307 186,843 109,215 42,033 67,182 17,197 17,197 150,718 47,258 103,460 
2,847 2,825 10 11 61,796 26,845 34,950 2,856 2,856 38,095 38,095 
1,757 1,757 43,946 40,802 3,144 74 74 70,096 70,096 
20 20 3,417 306 3,111 743 743 
67 67 1,000 1,000 
70 40 30 79,486 41,135 38,351 3,279 3,279 11,691 11,691 
72,516 72,516 
14 14 2,547 1,569 978 560 560 88,289 1,259 87,030 
1,695 1,187 508 33,103 835 32,268 344 344 160 160 
2023年省级一般公共预算支出经济分类预算表
表十二
项    目
合    计
一、一般公共服务支出
二、国防支出
三、公共安全支出
四、教育支出
五、科学技术支出
六、文化旅游体育与传媒支出
七、社会保障和就业支出
八、卫生健康支出
九、节能环保支出
十、城乡社区支出
十一、农林水支出
十二、交通运输支出
十三、资源勘探工业信息等支出
十四、商业服务业等支出
十五、金融支出
十六、自然资源海洋气象等支出
十七、住房保障支出
十八、粮油物资储备支出
十九、灾害防治及应急管理支出
二十、预备费
二十一、其他支出
二十二、债务付息支出
二十三、债务发行费支出
2023年省级一般公共预算支出经济分类预算表
单位：万元
对企业资本性支出 对个人和家庭补助支出 对社会保障基金补助 债务利息及费用支出 预备费及预留 其他支出
小计
资本金
注入
（一）
政府投
资基金
股权投
资
其他对
企业资
本性支
出
小计
社会福
利和救
助
助学金 离退休
费
其他对
个人和
家庭补
助
小计
对社会保
险基金补
助
小计 国内债
务付息
国外债
务付息
国内债
务发行
费用
小计 预备费 小计
535,500 185,200 200,000 150,300 947,004 86,471 218,525 166,339 475,669 2,620,960 2,620,960 578,339 573,764 1,775 2,800 200,000 200,000 824,560 
37,416 4,790 1,095 31,531 
4,135 
67,170 12,779 287 54,105 6,084 
370,880 39,279 218,525 349 112,728 
4,467 48 8 4,411 
300 300 16,918 1,598 649 14,672 
351,649 27,124 163,636 160,888 2,620,960 2,620,960 5 
28,260 273 220 27,767 
2,066 2 2,064 
1,413 3 13 1,397 200 
13,337 285 73 12,978 
10,000 10,000 6,767 273 1 6,493 1,775 1,775 
250,000 200,000 50,000 10,480 9 0 10,470 
338 338 
275,200 175,200 100,000 138 138 
9,657 3 9,654 
24,490 24,490 
608 9 599 
950 5 945 100 
200,000 200,000 
814,036 
573,764 573,764 
2,800 2,800 
2023年省级一般公共预算支出经济分类预算表
表十二
项    目
合    计
一、一般公共服务支出
二、国防支出
三、公共安全支出
四、教育支出
五、科学技术支出
六、文化旅游体育与传媒支出
七、社会保障和就业支出
八、卫生健康支出
九、节能环保支出
十、城乡社区支出
十一、农林水支出
十二、交通运输支出
十三、资源勘探工业信息等支出
十四、商业服务业等支出
十五、金融支出
十六、自然资源海洋气象等支出
十七、住房保障支出
十八、粮油物资储备支出
十九、灾害防治及应急管理支出
二十、预备费
二十一、其他支出
二十二、债务付息支出
二十三、债务发行费支出
单位：万元
其他支出
其他支
出
824,560 
4,135 
6,084 
5 
200 
100 
814,036 
2023年省级一般公共预算基本支出表
表十三 单位：万元
项    目 合计
机关工资福利支出 机关商品和服务支出
小计 工资奖金
津补贴
社会保障
缴费
住房公积
金
其他工资
福利支出 小计 办公经费 会议费 培训费 专用材料
费购置费
委托业务
费
公务接待
费
因公出国
（境）费
用
公务用车
运行维护
费
维修
（护）费
其他商品
和服务支
出
合    计 5,253,447 619,477 393,195 105,517 45,627 75,138 1,020,185 117,597 6,583 13,912 14,359 156,717 2,168 2,335 6,239 19,961 680,313 
一、一般公共服务支出 355,818 108,348 98,964 592 8,793 132,237 43,581 3,848 58 51 41,215 1,592 1,239 2,493 8,037 30,122 
二、国防支出 26,696 21,439 294 120 21,025 
三、公共安全支出 414,678 242,171 187,531 54,640 87,227 39,980 308 35 13,317 10,849 285 237 2,379 6,287 13,551 
四、教育支出 1,700,072 16,401 12,833 610 2,957 20,241 2,902 85 11,962 1,805 28 105 131 245 2,977 
五、科学技术支出 229,240 3,985 3,674 7 305 194,855 686 84 1,256 13 30 53 13 192,720 
六、文化旅游体育与传媒支出 267,300 8,063 7,233 32 798 129,867 2,472 137 8,073 22 167 178 133 118,685 
七、社会保障和就业支出 946,155 101,264 31,727 67,914 1,623 22,734 8,044 508 374 6,198 77 92 205 2,284 4,952 
八、卫生健康支出 274,244 44,912 6,915 36,018 1,978 26,833 4,982 303 125 39 20,626 13 82 120 41 500 
九、节能环保支出 104,742 5,739 4,764 200 775 27,078 2,059 90 315 21,337 27 34 117 105 2,993 
十、城乡社区支出 22,015 3,365 2,779 6 580 3,205 527 103 2,477 8 28 25 14 24 
十一、农林水支出 156,393 15,916 15,369 10 537 17,925 4,469 560 958 171 10,120 25 109 209 311 994 
十二、交通运输支出 305,063 1,893 1,858 36 234,607 1,006 3 6,433 5 26 21 84 227,028 
十三、资源勘探工业信息等支出 74,320 8,679 8,327 352 11,216 3,117 294 4,338 28 101 136 1,236 1,966 
十四、商业服务业等支出 33,466 1,254 1,198 56 28,457 192 18 3,806 3 8 8 20 24,403 
十五、金融支出 1,636 632 564 20 49 865 200 8 613 2 10 9 10 13 
十六、自然资源海洋气象等支出 139,448 4,894 3,428 100 1,366 45,411 1,141 57 422 11,833 10 27 65 83 31,774 
十七、住房保障支出 143,268 46,262 635 45,627 
十八、粮油物资储备支出 5,801 1,106 1,090 16 1,540 265 15 577 2 13 10 17 640 
十九、灾害防治及应急管理支出 53,094 4,593 4,308 8 277 14,448 1,678 159 400 43 5,041 27 28 83 1,043 5,946 
2023年省级一般公共预算基本支出表
表十三
项    目
合    计
一、一般公共服务支出
二、国防支出
三、公共安全支出
四、教育支出
五、科学技术支出
六、文化旅游体育与传媒支出
七、社会保障和就业支出
八、卫生健康支出
九、节能环保支出
十、城乡社区支出
十一、农林水支出
十二、交通运输支出
十三、资源勘探工业信息等支出
十四、商业服务业等支出
十五、金融支出
十六、自然资源海洋气象等支出
十七、住房保障支出
十八、粮油物资储备支出
十九、灾害防治及应急管理支出
2023年省级一般公共预算基本支出表
单位：万元
对事业单位经常性补助 对个人和家庭补助支出
小计 工资福利
支出
商品和服
务支出 小计 社会福利
和救助 助学金 离退休费
其他对个
人和家庭
补助
2,666,781 984,765 1,682,016 947,004 86,471 218,525 166,339 475,669 
77,817 32,167 45,650 37,416 4,790 1,095 31,531 
5,257 5,257 
18,109 2,261 15,848 67,170 12,779 287 54,105 
1,292,551 420,523 872,028 370,880 39,279 218,525 349 112,728 
25,933 15,046 10,887 4,467 48 8 4,411 
112,452 57,846 54,606 16,918 1,598 649 14,672 
470,508 138,660 331,847 351,649 27,124 163,636 160,888 
174,240 84,835 89,404 28,260 273 220 27,767 
69,859 4,319 65,540 2,066 2 2,064 
14,033 3,066 10,967 1,413 3 13 1,397 
109,215 42,033 67,182 13,337 285 73 12,978 
61,796 26,845 34,950 6,767 273 1 6,493 
43,946 40,802 3,144 10,480 9 0 10,470 
3,417 306 3,111 338 338 
138 138 
79,486 41,135 38,351 9,657 3 9,654 
72,516 72,516 24,490 24,490 
2,547 1,569 978 608 9 599 
33,103 835 32,268 950 5 945 
2023年省级一般公共预算对市区税收返还和转移支付预算总表
表十四 单位：万元
项        目 合计 西安市 铜川市 宝鸡市 咸阳市 渭南市 汉中市 安康市 商洛市 延安市 榆林市 杨凌示范区 未落实地区数
一、税收返还 785,273 620,549 22,102 67,519 54,644 58,947 88,972 49,682 29,183 -28,731 -185,101 7,507 
二、一般性转移支付 22,777,641 3,038,402 664,948 1,946,562 2,548,253 3,060,123 2,461,438 2,219,465 1,936,984 1,709,876 2,212,764 94,809 884,017 
  （1）均衡性转移支付支出 7,640,386 400,057 293,686 751,988 1,085,479 1,296,113 950,428 844,162 765,272 539,938 658,853 31,587 22,823 
  （2）县级基本财力保障机制奖补资金支出 1,296,249 76,302 42,639 137,303 186,091 164,980 136,949 113,433 107,570 175,442 147,110 8,430 
  （3）结算补助支出 333,717 14,018 4,083 15,718 38,727 75,565 25,970 17,511 15,047 26,758 9,283 502 90,535 
  （4）资源枯竭城市转移支付支出 152,640 12,612 23,070 6,696 3,418 30,827 12,955 24,704 38,358 
  （5）产粮油大县奖励资金支出 46,989 4,080 6,041 4,881 11,487 1,000 19,500 
  （6）重点生态功能区转移支付支出 420,300 12,720 865 14,716 1,731 2,930 125,067 112,932 86,406 23,812 39,121 
  （7）固定数额补助支出 1,948,557 329,005 53,418 158,165 240,473 218,079 171,816 140,003 122,922 175,876 234,751 10,715 93,334 
  （8）革命老区转移支付支出 75,516 1,233 2,735 1,221 6,167 5,176 14,139 8,931 11,112 11,292 13,510 
  （9）巩固脱贫攻坚成果衔接乡村振兴转移支付支出 904,291 19,434 17,679 62,171 63,093 85,964 126,096 156,560 131,840 49,557 69,877 122,020 
    （10）公共安全共同财政事权转移支付支出 256,646 29,588 6,373 18,220 19,027 19,003 16,277 15,631 11,092 19,231 16,083 906 85,215 
    （11）教育共同财政事权转移支付支出 1,283,634 246,287 25,563 107,081 140,233 161,265 125,982 123,033 103,395 107,639 136,298 6,859 
    （12）科学技术共同财政事权转移支付支出 1,030 1,030 
    （13）文化旅游与体育共同财政事权转移支付支出 97,457 15,818 3,070 11,188 10,485 10,106 8,531 7,004 4,765 11,895 14,102 493 
    （14）社会保障和就业共同财政事权转移支付支出 2,509,737 551,389 50,691 213,188 250,654 307,241 247,803 231,297 194,384 146,172 219,472 7,689 89,759 
    （15）医疗卫生共同财政事权转移支付支出 2,202,396 456,478 42,021 198,711 245,006 298,441 242,720 197,975 160,437 128,284 220,949 11,373 
    （16）节能环保共同财政事权转移支付支出 207,936 132,307 1,899 7,644 2,626 3,711 11,148 14,918 9,096 18,588 5,980 20 
    （17）农林水共同财政事权转移支付支出 1,326,924 50,802 33,269 117,677 137,605 225,530 149,426 136,997 103,232 142,766 199,779 4,639 25,202 
    （18）交通运输共同财政事权转移支付支出 705,470 104,288 4,534 29,188 23,097 50,135 47,343 41,325 40,507 38,206 92,984 652 233,211 
    （19）自然资源海洋气象等共同财政事权转移支付支出 140,783 6,795 8,335 7,420 8,550 800 800 900 9,140 7,320 140 90,583 
    （20）住房保障共同财政事权转移支付支出 202,361 43,813 6,595 21,754 9,177 19,279 27,899 16,623 8,802 10,057 5,996 1,511 30,855 
    （21）灾害防治及应急管理共同财政事权转移支付支出 2,000 200 100 100 800 400 200 200 
    （22）增值税留抵退税转移支付支出 780,300 400,946 42,419 47,800 51,175 50,902 6,813 6,206 17,621 66,125 85,190 5,103 
    （23）其他退税减税降费转移支付支出 239,900 137,225 3,346 11,657 21,224 13,590 12,440 8,064 4,026 8,899 16,269 3,160 
    （24）其他一般性转移支付支出 2,423 363 449 436 356 338 481 
三、专项转移支付 2,805,557 280,059 70,352 125,075 90,608 140,223 123,494 155,327 90,643 156,662 109,464 4,877 1,458,772 
补助合计 26,368,471 3,939,011 757,402 2,139,156 2,693,505 3,259,294 2,673,904 2,424,474 2,056,810 1,837,807 2,137,127 107,193 2,342,789 
2023年省级一般公共预算对市区专项转移支付预算表
表十五 单位：万元
项  目 合  计 已落实
地区数
未落实
地区数
一、一般公共服务支出 22,573 13,473 9,100
二、国防支出 6,897 6,897
三、文化旅游体育与传媒支出 725 725
四、社会保障和就业支出 80,356 24,821 55,535
五、卫生健康支出 93,133 25,753 67,380
六、节能环保支出 427,068 386,494 40,574
七、城乡社区支出 345,670 220,000 125,670
八、农林水支出 399,175 196,840 202,335
九、交通运输支出 2,500 2,500
十、资源勘探工业信息等支出 238,496 211,586 26,910
十一、商业服务业等支出 140,821 48,671 92,150
十二、金融支出 10,800 7,000 3,800
十三、自然资源海洋气象等支出 100,000 80,000 20,000
十四、住房保障支出 12,800 12,800
十五、粮油物资储备支出 749 149 600
十六、灾害防治及应急管理支出 45,294 45,294
十七、其他支出 878,500 76,582 801,918
支出合计 2,805,557 1,346,785 1,458,772
2023年省级一般公共预算专项转移支付分市区预算表
表十六 单位：万元
项目 合计 西安市 铜川市 宝鸡市 咸阳市 渭南市 汉中市 安康市 商洛市 延安市 榆林市 杨凌示范区
一、一般公共服务支出 13,473 2,411 565 1,526 950 1,805 1,258 1,071 1,137 1,360 1,153 238
食品药品监管补助资金 77 27 10 10 20 10
工商行政管理专项补助经费 1,430 160 60 200 30 180 200 90 50 290 170
妇女儿童事业发展专项资金 2,100 229 137 208 213 288 235 226 209 179 135 42
基层行政单位补助资金 600 60 40 70 45 80 70 60 60 60 55
重点商品质量安全监管资金 5,326 385 215 592 476 853 505 479 626 588 507 100
知识产权（保护）专项资金 3,940 1,577 113 456 186 377 238 206 192 223 276 96
二、国防支出 6,897 5,224 73 300 500 500 300
军民融合发展专项转移支付 6,897 5,224 73 300 500 500 300
三、文化旅游体育与传媒支出 725 725
文化产业发展专项资金 725 725
四、社会保障和就业支出 24,821 2,333 945 2,356 1,626 2,061 3,778 5,247 2,443 1,663 2,312 56
社会福利与社会事务资金 7,117 807 53 261 338 252 200 3,199 1,335 216 441 15
社会救助和管理补助资金 6,370 440 441 895 305 155 2,320 477 522 815
残疾人就业保障资金 11,334 1,086 451 1,200 983 1,654 1,258 1,572 1,108 925 1,056 41
五、卫生健康支出 25,753 8,127 954 2,391 2,315 2,469 2,258 1,826 1,477 1,640 2,130 165
重大传染病防控经费 22,643 7,460 707 2,058 2,036 2,210 2,033 1,520 1,229 1,413 1,815 160
公共卫生发展资金 3,110 667 247 333 279 259 225 305 248 227 315 5
六、节能环保支出 386,494 27,040 39,228 30,006 9,414 60,276 20,009 52,008 11,010 88,538 48,267 698
大气污染防治资金 113,096 23,299 4,677 10,320 5,685 20,877 24,000 24,000 238
水污染防治资金 109,069 900 2,000 10,000 5,100 10,000 29,000 2,069 35,000 15,000
清洁能源发展专项资金 18,570 360 542 17,668
城市管网及污水治理补助资金 53,750 29,750 24,000
土壤污染防治专项资金 19,031 3,931 10,600 4,500
农村环境整治资金 1,675 500 675 500
生态环境专项资金 68,552 2,408 2,801 9,366 3,369 5,426 8,909 11,333 3,843 11,370 9,267 460
秦岭生态环境保护专项资金 2,751 433 320 400 600 400 598
七、城乡社区支出 220,000 12,000 7,800 21,500 28,400 24,300 27,300 22,600 20,600 28,300 26,700 500
县域经济高质量发展专项资金 150,000 5,000 5,000 15,000 20,000 15,000 20,000 15,000 15,000 20,000 20,000
2023年省级一般公共预算专项转移支付分市区预算表
表十六 单位：万元
项目 合计 西安市 铜川市 宝鸡市 咸阳市 渭南市 汉中市 安康市 商洛市 延安市 榆林市 杨凌示范区
城镇化发展专项资金 70,000 7,000 2,800 6,500 8,400 9,300 7,300 7,600 5,600 8,300 6,700 500
八、农林水支出 196,840 12,397 9,929 22,972 23,274 28,928 20,903 24,912 18,552 20,780 13,531 661
农村综合改革转移支付 37,018 3,104 1,022 3,573 4,299 5,274 4,624 3,954 2,833 3,916 4,288 131
普惠金融发展专项资金 46,133 3,400 5,400 6,600 5,800 5,233 2,400 6,000 4,750 4,500 1,750 300
土地指标跨省域调剂收入安排的支出 25,474 632 924 2,737 2,670 5,706 3,494 4,105 1,275 2,602 1,329
农村综合改革专项资金 25,650 2,415 535 3,134 4,690 4,122 2,387 1,236 1,593 2,925 2,513 100
金融发展专项资金 15,000 2,300 1,200 2,400 1,100 1,520 1,200 2,200 1,120 1,040 800 120
秦岭生态环境保护专项资金 1,458 180 80 354 200 644
林业改革发展资金 46,107 546 848 4,348 4,715 6,993 6,444 7,217 6,337 5,797 2,851 10
九、交通运输支出 2,500 120 90 140 150 190 520 550 500 110 130
交通运输发展专项资金 2,500 120 90 140 150 190 520 550 500 110 130
十、资源勘探工业信息等支出 211,586 101,440 5,700 33,290 16,420 12,836 9,700 9,300 7,800 7,500 6,300 1,300
产业基础再造和制造业高质量发展专项资金 17,750 14,000 3,750
中小企业发展专项资金 87,700 23,840 4,500 11,840 9,620 8,700 7,400 7,000 6,200 6,500 2,000 100
重点产业链发展专项资金 21,000 14,600 3,600 1,600 400 400 400
产业结构调整专项资金 20,136 8,000 700 2,500 2,000 1,336 500 1,000 500 600 2,500 500
工业转型升级专项资金 30,000 11,000 500 6,600 3,200 2,400 1,800 900 1,100 400 1,800 300
汽车产业发展专项资金 35,000 30,000 5,000
十一、商业服务业等支出 48,671 17,659 1,568 5,306 3,950 3,633 3,166 2,726 2,867 3,431 3,486 879
外经贸发展资金 18,749 10,919 580 2,100 1,100 900 650 500 650 150 700 500
服务业发展资金 14,120 353 353 1,589 1,588 1,589 1,765 1,236 1,235 2,294 1,942 176
商贸流通专项资金 6,250 1,267 397 717 740 717 474 461 425 546 443 63
新网工程专项资金 2,892 50 148 570 142 297 157 429 452 351 296
外经贸发展促进专项资金 6,660 5,070 90 330 380 130 120 100 105 90 105 140
十二、金融支出 7,000 6,000 500 500
金融发展专项资金 7,000 6,000 500 500
十三、自然资源海洋气象等支出 80,000 80,000
重点生态保护修复治理专项资金 80,000 80,000
十四、粮油物资储备支出 149 2 6 23 25 7 7 28 21 20 8 0
2023年省级一般公共预算专项转移支付分市区预算表
表十六 单位：万元
项目 合计 西安市 铜川市 宝鸡市 咸阳市 渭南市 汉中市 安康市 商洛市 延安市 榆林市 杨凌示范区
物资储备专项资金 149 2 6 23 25 7 7 28 21 20 8 0
十五、灾害防治及应急管理支出 45,294 3,141 3,053 3,942 2,843 2,979 8,455 9,419 3,795 3,079 4,309 279
自然灾害防治体系建设补助资金 33,254 1,895 2,059 2,830 1,885 1,370 6,787 8,122 3,040 2,094 3,172
自然资源生态修复保护专项资金 7,000 425 776 440 490 265 1,493 1,018 440 505 928 220
应急管理专项资金 5,040 821 218 672 468 1,344 175 279 315 480 209 59
十六、其他支出 76,582 1,440 440 1,322 740 240 25,640 25,640 20,440 240 340 100
基本建设资金 6,582 1,440 440 1,322 740 240 640 640 440 240 340 100
陕南发展专项资金 70,000 25,000 25,000 20,000
支出合计 1,346,785 280,059 70,352 125,075 90,608 140,223 123,494 155,327 90,643 156,662 109,464 4,877 
2023年新增一般债券安排方案表
表十七 单位：万元
项      目 新增一般债券
合      计 1,720,000 
一、省级使用债券资金
二、转贷市县债券资金 1,720,000 
  西安市 390,400
  铜川市 45,100
  宝鸡市 133,800
  咸阳市 156,800
  渭南市 160,600
  汉中市 101,900
  安康市 144,300
  商洛市 123,800
  延安市 162,800
  榆林市 285,400
  杨凌示范区 15,100
2022年全省政府性基金预算收入执行情况表
表十八 单位：万元
项    目 2021年
决算数
2022年
执行数
执行数
比上年±% 备注
一、政府性基金收入 23,817,119 19,556,434 -17.89 
农网还贷资金收入 166,163 1 -100.00 
2022年起，农网还贷资金
由企业自收自用，不再按
照政府性基金管理。
国家电影事业发展专项资金收入 2,583 2,403 -6.97 
国有土地收益基金收入 356,496 89,039 -75.02 
农业土地开发资金收入 9,434 3,262 -65.42 
国有土地使用权出让收入 19,131,278 15,944,173 -16.66 
大中型水库库区基金收入 3,013 2,082 -30.90 
彩票公益金收入 168,945 170,914 1.17 
城市基础设施配套费收入 1,442,017 1,049,512 -27.22 
国家重大水利工程建设基金收入 11,772 15,052 27.86 
车辆通行费收入 2,362,165 2,068,685 -12.42 
污水处理费收入 114,714 122,221 6.54 
彩票发行销售机构业务费收入 36,818 32,650 -11.32 
其他政府性基金收入 11,721 56,440 381.53 
二、专项债券对应项目专项收入 36,358 69,486 91.12 
收入合计 23,853,477 19,625,920 -17.72 
2022年全省政府性基金预算支出执行情况表
表十九 单位：万元
项    目 2021年
决算数
2022年
执行数
执行数
比上年±% 备注
一、文化旅游体育与传媒支出 1,552 1,808 16.49 
二、社会保障和就业支出 76,070 95,337 25.33 
三、节能环保支出 29,292 1,870 -93.62 
四、城乡社区支出 17,176,173 16,666,806 -2.97 
五、农林水支出 16,905 8,385 -50.40 
六、交通运输支出 2,381,284 2,489,080 4.53 
七、资源勘探工业信息等支出 202,200 43,029 -78.72 
八、债务付息支出 1,240,455 1,638,333 32.08 
九、债务发行费用支出 13,040 13,919 6.74 
十、其他支出 6,259,154 8,328,158 33.06 
十一、抗疫特别国债安排的支出 130,483 6,556 -94.98 
支出合计 27,526,608 29,293,281 6.42 
2022年省级政府性基金预算收入执行情况表
表二十 单位：万元
项     目 2021年
决算数
2022年
执行数
执行数
比上年±% 备注
一、农网还贷资金收入 166,163 1 -100.00 
2022年起，农网还贷
资金由企业自收自
用，不再按照政府性
基金管理。
二、国家电影事业发展专项资金收入 2,583 2,403 -6.97 
三、大中型水库库区基金收入 3,013 2,082 -30.90 
四、彩票公益金收入 81,466 82,629 1.43 
五、国家重大水利工程建设基金收入 11,772 15,052 27.86 
六、车辆通行费收入 2,362,165 2,068,685 -12.42 
七、彩票发行销售机构业务费收入 25,860 23,080 -10.75 
八、其他政府性基金收入 2,010 1,762 -12.34 
      
收入合计 2,655,032 2,195,694 -17.30 
2022年省级政府性基金预算支出执行情况表
表二十一 单位：万元
项    目 2021年
决算数
2022年
执行数
执行数
比上年±% 备注
一、文化体育与传媒支出 665 240 -63.91 
    国家电影事业发展专项资金安排的支出 707 240 -66.05 
    旅游发展基金支出 -42 -100.00 
二、节能环保支出 29,292 -100.00 
    可再生能源电价附加收入安排的支出 29,292 -100.00 
三、城乡社区支出 58,715 44,937 -23.47 
    国有土地使用权出让收入安排的支出 58,715 44,937 -23.47 
四、农林水支出 10,000 5,500 -45.00 
    国家重大水利工程建设基金安排的支出 10,000 5,500 -45.00 
五、交通运输支出 2,352,772 2,347,251 -0.23 
    车辆通行费安排的支出 2,122,900 2,129,898 0.33 
    民航发展基金支出 196,000 17,353 -91.15 
    政府收费公路专项债券收入安排的支出  33,872 200,000 490.46 
六、资源勘探工业信息等支出 202,200 43,029 -78.72 
    农网还贷资金支出 202,200 43,029 -78.72 
七、债务付息支出 145,245 192,559 32.58 
    地方政府专项债务付息支出 145,245 192,559 32.58 
八、债务发行费用支出 1,237 1,174 -5.09 
    地方政府专项债务发行费用支出 1,237 1,174 -5.09 
九、其他支出 1,079,877 911,633 -15.58 
    其他政府性基金及对应专项债务收入安排的支出 1,020,867 862,134 -15.55 
    彩票发行销售机构业务费安排的支出 26,518 23,065 -13.02 
    彩票公益金安排的支出 32,492 26,434 -18.64 
支出合计 3,880,003 3,546,323 -8.60 
2022年中央政府性基金补助情况表
表二十二 单位：万元
项    目 金 额 备  注
一、文化体育与传媒支出 6,189 中央彩票公益金支持体育事业、电影事业发展和乡村学校少
年宫项目等专项补助
二、社会保障和就业支出 14,026 大中型水库移民后期扶持基金预算，中央彩票公益金支持残
疾人事业发展、社会福利事业补助、医疗救助等补助资金
三、农林水支出 114,933 中央水库移民扶持基金补助地方资金
四、交通运输支出 13,609 民航发展基金用于民航基础设施建设和机场航线补贴资金
五、其他支出 35,896 主要是中央彩票公益金安排的支出
补助合计 184,653 
2022年专项债务限额和余额情况表
表二十三 单位：亿元
项    目 专项债务限额 专项债务余额
合  计 5,396.31 5,166.55 
省级 605.93 604.90 
市区小计                                    4,790.38                                    4,561.65 
西安市 2,725.14 2,618.00 
铜川市 98.14 93.29 
宝鸡市 205.43 185.20 
咸阳市 272.04 261.30 
渭南市 299.62 294.28 
汉中市 244.51 231.20 
安康市 174.87 166.69 
商洛市 100.81 95.90 
延安市 322.51 306.64 
榆林市 268.13 230.06 
杨凌示范区 79.19 79.09 
2023年全省政府性基金预算收入预算表
表二十四 单位：万元
项          目 2022年
执行数
2023年
预算数
预算数
比上年±% 备注
一、政府性基金收入 19,556,434 26,555,221 35.79 
国家电影事业发展专项资金收入 2,403 3,000 24.84 
国有土地收益基金收入 89,039 401,911 351.39 
农业土地开发资金收入 3,262 15,228 67.44 
国有土地使用权出让收入 15,944,173 24,753,136 55.25 
大中型水库库区基金收入 2,082 3,200 53.70 
彩票公益金收入 170,914 165,128 -3.39 
城市基础设施配套费收入 1,049,512 990,062 -5.66 
国家重大水利工程建设基金收入 15,052 21,000 39.52 
车辆通行费 2,068,685 34,130 -98.35 
2023年起，车辆通行费
管理体制调整，高速公
路通行费不再按照政府
性基金管理。
污水处理费收入 122,221 120,355 -1.53 
彩票发行机构和彩票销售机构的业务费用 32,650 36,351 11.34 
其他政府性基金收入 56,441 11,720 -79.23 
二、专项债务对应项目专项收入 69,486 763,882 999.33 
收入合计 19,625,920 27,319,103 39.20 
地方政府专项债务收入 5,440,000 
上级财政补助收入 131,388 
收入总计 32,890,491 
2023年全省政府性基金预算支出预算表
表二十五 单位：万元
项        目 2022年
预算数
2023年
预算数
预算数
比上年±% 备注
一、文化旅游体育与传媒支出 6,101 4,936 -19.10 
二、社会保障和就业支出 94,207 100,882 7.09 
三、城乡社区支出 16,056,850 24,958,413 55.44 
四、农林水支出 74,220 129,149 74.01 
五、交通运输支出 2,407,411 54,656 -97.73 
六、债务付息支出 1,046,515 1,768,196 68.96 
七、债务发行费用支出 536 1,198 123.48 
八、其他支出 2,104,249 2,161,814 2.74 
支出合计 21,790,089 29,179,244 33.91 
调出资金 2,401,030 
债务还本支出 1,310,217 
支出总计 32,890,491 
2023年省级政府性基金预算收入预算表
表二十六 单位：万元
项          目 2022年
执行数
2023年
预算数
预算数
比上年±% 备注
一、政府性基金收入 2,195,693 167,217 -92.38 
    国家电影事业发展专项资金收入 2,403 3,000 24.84 
    大中型水库库区基金收入 2,082 3,200 53.70 
    彩票公益金收入 82,629 80,000 -3.18 
    国家重大水利工程建设基金收入 15,052 21,000 39.52 
    车辆通行费 2,068,685 34,130 -98.35 
2023年起，车辆通行费管
理体制调整，高速公路通
行费不再按照政府性基金
管理。
    彩票发行机构和彩票销售机构的业务费用 23,080 25,887 12.16 
二、专项债务对应项目专项收入 1,762 315,623 17,812.77 
2023年，交控集团等单位
缴入用于还本付息等支出
的资金在此列支。
收入合计 2,197,455 482,840 -78.03 
地方政府专项债务收入 5,440,000 
上级财政补助收入 131,388 
上解收入 4,210 
从土地出让收入中计提用
于支持乡村振兴的统筹资
金在此列支。
收入总计 6,058,438 
2023年省级政府性基金预算支出预算总表
表二十七 单位：万元
项        目 2022年
预算数
2023年
预算数
预算数比上年
预算±%
一、文化旅游体育与传媒支出 3,000 3,000 
    国家电影事业发展专项资金支出 3,000 3,000 
二、农林水支出 10,000 21,000 110.00 
    国家重大水利工程建设基金支出 10,000 21,000 110.00 
三、交通运输支出 2,394,748 49,368 -97.94 
    车辆通行费安排的支出 2,348,934 34,130 -98.55 
    民航发展基金支出 45,814 15,238 -66.74 
四、债务付息支出 140,000 200,623 43.30 
    地方政府专项债务付息支出 140,000 200,623 43.30 
五、其他支出 362,594 382,387 5.46 
    其他政府性基金及对应专项债务收入安排的支出 300,000 300,000 
    彩票发行销售机构业务费安排的支出 29,239 25,887 -11.46 
    彩票公益金安排的支出 33,355 56,500 69.39 
支出合计 2,910,342 656,378 -77.45 
政府性基金补助支出 161,219 147,060 
地方政府专项债务转贷支出 2,960,000 5,140,000 
债务还本支出 35,000 115,000 
支出总计 6,066,561 6,058,438 
2023年省级政府性基金预算支出预算表
表二十八 单位：万元
项        目 预算数
一、文化旅游体育与传媒支出 3,000 
     国家电影事业发展专项资金支出 3,000 
       资助国产影片放映 500 
       资助影院建设 500 
       其他国家电影事业发展专项资金支出 2,000 
二、农林水支出 21,000 
    国家重大水利工程建设基金支出 21,000 
      地方重大水利工程建设 21,000 
三、交通运输支出 49,368 
    车辆通行费支出 34,130 
      公路还贷 22,032 
      政府还贷公路养护 5,673 
      政府还贷公路管理 6,426 
    民航发展基金支出 15,238 
      航线和机场补贴 8,439 
      其他民航发展基金支出 6,799 
四、债务付息支出 200,623 
    地方政府专项债务付息支出 200,623 
      其他政府性基金债务付息支出 200,623 
五、其他支出 382,387 
    彩票发行销售机构业务费安排的支出 25,887 
      福利彩票销售机构的业务费支出 12,038 
      体育彩票销售机构的业务费支出 13,849 
    彩票公益金安排的支出 56,500 
      用于社会福利的彩票公益金支出 17,200 
      用于体育事业的彩票公益金支出 34,000 
      用于红十字事业的彩票公益金支出 300 
      用于其他社会公益事业的彩票公益金支出 5,000 
    其他政府性基金及对应专项债务收入安排的支出 300,000 
支出合计 656,378 
2023年省级政府性基金预算转移支付预算表
表二十九 单位：万元
项      目 预算数 已落实
地区数
未落实
地区数
一、文化旅游体育与传媒支出 445 445 
    国家电影事业发展专项资金支出 445 445 
二、社会保障和就业支出 74,976 74,976 
    大中型水库移民后期扶持基金支出 74,976 74,976 
三、城乡社区支出 4,210 4,210 
    国有土地使用权出让收入安排的支出 4,210 4,210 
四、农林水支出 4,108 908 3,200 
    大中型水库库区基金支出 4,108 908 3,200 
五、交通运输 2,239 2,239 
    民航发展基金支出 2,239 2,239 
六、其他支出 61,082 19,485 41,597 
    彩票发行销售机构业务费安排的支出 4,459 2,387 2,072 
    彩票公益金安排的支出 56,623 17,098 39,525 
支出合计 147,060 98,053 49,007 
2023年政府性基金预算转移支付分市区预算表
表三十 单位：万元
项     目 合计 西安市 铜川市 宝鸡市 咸阳市 渭南市 汉中市 安康市 商洛市 延安市 榆林市 杨凌示范区
一、文化旅游体育与传媒支出 445 180 3 44 74 73 11 37 3 8 10 2 
    国家电影事业发展专项资金支出 445 180 3 44 74 73 11 37 3 8 10 2 
二、社会保障和就业支出 74,976 2,608 768 2,781 2,627 35,993 8,990 14,733 983 3,009 2,483 0 
    大中型水库移民后期扶持基金支出 74,976 2,608 768 2,781 2,627 35,993 8,990 14,733 983 3,009 2,483 0 
三、农林水支出 908 638 270 
    大中型水库库区基金支出 908 638 270 
四、交通运输支出 2,239 2,071 168 
    民航发展基金支出 2,239 2,071 168 
五、其他支出 19,485 2,194 634 1,646 2,100 2,362 2,195 2,927 2,117 1,543 1,729 39 
    彩票发行销售机构业务费安排的支出 2,387 668 55 191 198 442 147 125 104 192 250 16 
    彩票公益金安排的支出 17,098 1,526 579 1,455 1,902 1,920 2,048 2,802 2,013 1,351 1,479 23 
支出合计 98,053 7,053 1,405 4,471 4,801 39,234 11,465 17,697 3,103 4,560 4,222 41 
2023年新增专项债券安排方案表
表三十一 单位：万元
项    目 新增专项债券
合    计 5,440,000 
一、省级使用债券资金 300,000 
    交通基础设施、水利、教育、卫生、文化等项目建设 300,000 
二、转贷市县债券资金 5,140,000 
  西安市 2,530,000 
  铜川市 147,000 
  宝鸡市 340,000 
  咸阳市 504,000 
  渭南市 394,000 
  汉中市 310,000 
  安康市 240,000 
  商洛市 180,000 
  延安市 110,000 
  榆林市 335,000 
  杨凌示范区 50,000 
2022年全省国有资本经营预算收入执行情况表
表三十二 单位：万元
项        目 2021年
决算数
2022年
执行数
执行数
比上年±%
一、利润收入 727,908 951,789 30.76 
二、股利、股息收入 320,949 528,514 64.67 
三、产权转让收入 20,989 204,105 872.44 
四、清算收入 165 -100.00 
五、其他国有资本经营预算收入 173,833 188,462 8.42 
收入合计 1,243,844 1,872,870 50.57 
2022年全省国有资本经营预算支出执行情况表
表三十三 单位:万元
项      目 2021年
决算数
2022年
执行数
执行数
比上年±%
一、解决历史遗留问题及改革成本支出 118,671 37,142 -68.70 
二、国有企业资本金注入 114,124 503,401 341.10 
三、国有企业政策性补贴 25,675 38,199 48.78 
四、其他国有资本经营预算支出 200,415 312,095 55.72 
支出合计 458,885 890,837 94.13 
2022年省级国有资本经营预算收入执行情况表
表三十四 单位：万元
项        目 2021年
决算数
2022年
执行数
执行数
比上年±%
一、利润收入 97,837 309,396 216.24 
二、股利、股息收入 2,422 
收入合计 97,837 311,818 218.71 
2022年省级国有资本经营预算支出执行情况表
表三十五 单位:万元
项      目 2021年
决算数
2022年
执行数
执行数
比上年±%
一、解决历史遗留问题及改革成本支出 89,300 18,731 -79.02 
    “三供一业”移交补助支出 57,900 -100.00 
    其他解决历史遗留问题及改革成本支出 31,400 18,731 -40.35 
二、国有企业资本金注入 28,300 130,655 361.68 
    国有经济结构调整支出 3,300 14,000 324.24 
    公益性设施投资支出 2,500 7,000 180.00 
    前瞻性战略性产业发展支出 4,000 28,700 617.50 
    生态环境保护支出 4,500 1,000 -77.78 
    支持科技进步支出 4,000 30,000 650.00 
    金融企业资本性支出 10,955 
    其他国有企业资本金注入 10,000 39,000 290.00 
三、国有企业政策性补贴 25,675 25,799 0.48 
    国有企业政策性补贴 25,675 25,799 0.48 
四、其他国有资本经营预算支出 200 4,870 2,335.00 
    其他国有资本经营预算支出 200 4,870 2,335.00 
支出合计 143,475 180,055 25.50 
2023年全省国有资本经营预算收入预算表
表三十六 单位:万元
项        目 2022年
执行数
2023年
预算数
预算数比上年
±%
一、利润收入 951,789 843,881 -11.34 
二、股利、股息收入 528,514 233,660 -55.79 
三、产权转让收入 204,105 31,221 -84.70 
四、其他国有资本经营预算收入 188,462 173,060 -8.17 
收入合计 1,872,870 1,281,822 -31.56 
中央补助收入 22,239 
上年结余 243,854 
收入总计 1,547,916 
2023年全省国有资本经营预算支出预算表
表三十七 单位：万元
项      目 2022年
预算数
2023年
预算数
预算数比上年
±%
一、解决历史遗留问题及改革成本支出 55,715 51,949 -6.76 
二、国有企业资本金注入 402,528 516,454 28.30 
三、国有企业政策性补贴 25,799 47,423 83.82 
四、其他国有资本经营预算支出 176,698 172,515 -2.37 
支出合计 660,741 788,341 19.31 
国有资本经营预算调出资金 739,642 
年终结余 19,933 
支出总计 1,547,916 
2023年省级国有资本经营预算收入预算表
表三十八 单位:万元
项        目 2022年
执行数
2023年
预算数 预算数比上年±%
一、利润收入 309,396 268,304 -13.28 
二、股利、股息收入 2,422 1,000 -58.71 
收入合计 311,818 269,304 -13.63 
中央补助收入 22,239 
上年结余 77,757 
收入总计 369,300 
2023年省级国有资本经营预算支出预算表
表三十九 单位：万元
项      目 2022年预算数 2023年预算数 预算数
比上年±%
一、解决历史遗留问题及改革成本支出 25,000 28,500 14.00 
    国有企业退休人员社会化管理补助支出 7,691 8,578 11.53 
    其他解决历史遗留问题及改革成本支出 17,309 19,922 15.10 
二、国有企业资本金注入 138,335 174,900 26.43 
    国有经济结构调整支出 14,000 18,500 32.14 
    公益性设施投资支出 7,000 8,920 27.43 
    前瞻性战略性产业发展支出 28,700 38,400 33.80 
    生态环境保护支出 1,000 1,220 22.00 
    支持科技进步支出 30,000 39,000 30.00 
    金融企业资本性支出 10,955 13,068 19.29 
    其他国有企业资本金注入 46,680 55,792 19.52 
三、国有企业政策性补贴 25,000 37,000 48.00 
    国有企业政策性补贴 25,000 37,000 48.00 
四、其他国有资本经营预算支出 4,870 2,500 -48.67 
    其他国有资本经营预算支出 4,870 2,500 -48.67 
支出合计 193,205 242,900 25.72 
国有资本经营预算调出资金 104,161 
对下转移支付支出 22,239 
支出总计 369,300 
2023年省级国有资本经营预算转移支付分市区预算表
表四十 单位：万元
项      目 合计 西安市 铜川市 宝鸡市 咸阳市 渭南市 汉中市 安康市 商洛市 延安市 榆林市 杨凌示范区
解决历史遗留问题及改革成本支出 22,239 10,599 1,527 1,976 2,114 1,776 1,331 468 94 122 2,221 11 
    国有企业办公共服务机构移交补助支出 2,084 2,084 
    国有企业退休人员社会化管理补助支出 20,155 10,599 1,527 1,976 2,114 1,776 1,331 468 94 122 137 11 
合     计 22,239 10,599 1,527 1,976 2,114 1,776 1,331 468 94 122 2,221 11 
2022年全省社会保险基金预算收入执行情况表
表四十一 单位：万元
项    目 2021年决算数 2022年执行数 执行数
比上年±%
一、企业职工基本养老保险基金收入 12,300,467 11,530,753 -6.26 
二、城乡居民基本养老保险基金收入 1,442,292 1,564,020 8.44 
三、机关事业单位基本养老保险基金收入 5,403,558 5,097,063 -5.67 
四、职工基本医疗保险基金收入（含生育保险） 4,153,476 4,297,391 3.46 
五、城乡居民基本医疗保险基金收入 2,804,008 2,792,105 -0.42 
六、工伤保险基金收入 227,901 253,198 11.10 
七、失业保险基金收入 308,865 343,060 11.07 
收入合计 26,640,567 25,877,590 -2.86 
上年结余 18,421,002 20,551,713 11.57 
收入总计 45,061,569 46,429,303 3.04 
2022年全省社会保险基金预算支出执行情况表
表四十二 单位：万元
项     目 2021年决算数 2022年执行数 执行数
比上年±%
一、企业职工基本养老保险基金支出 11,094,929 10,448,906 -5.82 
二、城乡居民基本养老保险基金支出 1,027,510 1,140,967 11.04 
三、机关事业单位基本养老保险基金支出 5,599,450 4,732,936 -15.47 
四、职工基本医疗保险基金支出（含生育保险） 3,510,394 3,039,180 -13.42 
五、城乡居民基本医疗保险基金支出 2,787,199 2,566,422 -7.92 
六、工伤保险基金支出 189,662 242,045 27.62 
七、失业保险基金支出 300,712 339,842 13.01 
支出合计 24,509,856 22,510,298 -8.16 
年末滚存结余 20,551,713 23,919,005 16.38 
支出总计 45,061,569 46,429,303 3.04 
2023年全省社会保险基金预算收入预算表
表四十三 单位：万元
项    目 2022年执行数 2023年预算数 预算数
比上年±%
一、企业职工基本养老保险基金收入 11,530,753 12,503,787 8.44 
二、城乡居民基本养老保险基金收入 1,564,020 1,672,993 6.97 
三、机关事业单位基本养老保险基金收入 5,097,063 5,485,265 7.62 
四、职工基本医疗保险基金收入（含生育保险） 4,297,391 4,732,729 10.13 
五、城乡居民基本医疗保险基金收入 2,792,105 2,991,466 7.14 
六、工伤保险基金收入 253,198 261,782 3.39 
七、失业保险基金收入 343,060 348,281 1.52 
收入合计 25,877,590 27,996,303 8.19 
上年结余 20,551,713 23,919,005 16.38 
收入总计 46,429,303 51,915,308 11.82 
2023年全省社会保险基金预算支出预算表
表四十四 单位：万元
项    目 2022年执行数 2023年预算数 预算数
比上年±%
一、企业职工基本养老保险基金支出 10,448,906 10,806,109 3.42 
二、城乡居民基本养老保险基金支出 1,140,967 1,234,983 8.24 
三、机关事业单位基本养老保险基金支出 4,732,936 5,229,934 10.50 
四、职工基本医疗保险基金支出（含生育保险） 3,039,180 3,625,216 19.28 
五、城乡居民基本医疗保险基金支出 2,566,422 2,717,274 5.88 
六、工伤保险基金支出 242,045 238,074 -1.64 
七、失业保险基金支出 339,842 281,655 -17.12 
支出合计 22,510,298 24,133,245 7.21 
年末滚存结余 23,919,005 27,782,063 16.15 
支出总计 46,429,303 51,915,308 11.82 