西藏自治区2022年度政府决算公开附件
2022年政府债务限额及余额决算情况表
行政范围：西藏自治区各地市全辖（仅接入地市整行，不使用市本级和区县行）
原始单位：万元
列顺序：地区编码、地区、政府债务限额合计、新增一般债务限额、新增专项债务限额、政府债务余额合计、一般债务余额、专项债务余额

拉萨市 136500 80500 56000 919426.86 358040.86 561386
昌都市 97400 86000 11400 722825.87 670625.87 52200
山南市 295000 150800 144200 688278 357778 330500
日喀则市 73300 47700 25600 846177.78 576477.78 269700
那曲市 85800 85800 0 1023386.48 613172.48 410214
阿里地区 42800 42800 0 293472 252072 41400
林芝市 15600 6400 9200 254979.35 164479.35 90500

官方来源页面：https://www.xizang.gov.cn/zwgk/zdxxlygk/czyjsgk/202308/t20230814_370768.html
官方附件：https://www.xizang.gov.cn/gjbs/xxgk/202308/W020230814442439130466.xlsx
定位：2022年政府债务限额及余额决算情况表地市整行。限额列中的第二、三列是“新增一般/专项债务限额”，不是一般/专项债务总限额，因此标准化时只接入总限额合计；余额合计、一般余额、专项余额按原表换算为亿元。
