43 湖南省2024年地方政府债务限额及余额决算情况表
单位：亿元；以下为官方表中市州全口径行，已剔除省本级、市本级及区县明细
长沙市 3248.98 775.70 2473.27 3211.59 774.46 2437.13
株洲市 1455.80 425.08 1030.72 1443.86 420.61 1023.25
湘潭市 2090.92 852.26 1238.65 2085.74 848.78 1236.96
衡阳市 1451.87 484.85 967.02 1444.03 482.83 961.20
邵阳市 1198.01 403.86 794.15 1187.56 399.90 787.66
岳阳市 1347.04 425.02 922.02 1327.97 421.64 906.33
常德市 1392.36 558.94 833.42 1382.17 556.54 825.62
张家界市 551.33 188.25 363.08 547.47 188.17 359.31
益阳市 807.89 288.03 519.86 802.11 286.73 515.38
郴州市 1404.22 633.13 771.09 1390.95 627.85 763.10
永州市 1153.98 406.40 747.58 1147.59 402.99 744.60
怀化市 1157.88 428.43 729.45 1147.63 427.41 720.23
娄底市 815.64 348.57 467.07 810.96 346.34 464.62
湘西土家族苗族自治州 669.74 295.00 374.74 663.03 291.90 371.13
