表1

       吉林省2024年地方政府债务限额及余额预算情况表
                                                                        单位：亿元
                      2024年债务限额                   2024年债务余额（预算数）
       地区
                         一般债务        专项债务                   一般债务        专项债务
       公式     A=B+C       B            C         D=E+F       E            F
吉林省           11,090.7    4,629.6     6,461.1     9,993.4    4,584.5     5,408.9
 吉林省本级         1,292.5     782.6       509.9      1,020.8     774.5       246.2
 长春市           3,180.8     966.9      2,213.9     3,158.4     951.9      2,206.5
     长春市本级     1,601.2     651.6       949.6      1,620.2     644.5       975.7
     南关区          22.4        15.6         6.8      22.4         15.6         6.8
     宽城区          44.3        29.9      14.4        43.3         29.7      13.6
     朝阳区          23.3        16.4         6.8      23.3         16.4         6.8
     二道区          60.4        31.4      29.0        59.9         30.9      29.0
     绿园区          32.0        25.7         6.3      31.3         25.1         6.3
     双阳区        111.2         34.5      76.7       110.9         34.4      76.6
     九台区        148.1         59.3      88.8       147.7         58.9      88.7
     农安县        144.7         61.3      83.5       144.4         61.0      83.4
  长春经济技术开发区     105.8         18.5      87.2       105.0         17.8      87.2
  长春净月高新技术
                268.0          8.5     259.5       246.5          7.7     238.8
产业开发区
  长春汽车经济技术
                150.8         18.6     132.2       145.7         17.1     128.6
开发区
  长春新区          389.2         35.2     354.0       385.3         34.4     351.0
  长春莲花山生态旅
                  46.4         6.2      40.2        48.0          5.9      42.1
游度假区
  中韩（长春）国际
                177.8         15.5     162.3       168.8         13.5     155.3
合作示范区
  榆树市           106.8         45.0      61.8       106.0         44.2      61.8
     德惠市          94.8        44.0      50.8        94.4         43.6      50.8
     公主岭市       158.4         66.8      91.6       157.2         66.6      90.6
 吉林市           1,137.7     514.6       623.1      1,132.6     511.8       620.8
     吉林市本级      859.3      405.1       454.2       827.1      403.1       424.0
     昌邑区          32.2        14.5      17.7        32.1         14.4      17.7
     龙潭区          40.5        17.3      23.1        39.6         17.3      22.4
     船营区          28.2        11.3      16.9        28.1         11.2      16.9
  丰满区             29.5        18.0      11.5        29.1         17.6      11.5
  吉林高新技术产业
                  60.4        27.7      32.7        70.2         27.7      42.4
开发区
  吉林经济技术开发        62.8         9.3      53.5        81.6          9.3      72.4
区 吉林市冰雪经济高
                   0.9         0.9         0.0        0.9         0.9         0.0
质量发展试验区
表1

       吉林省2024年地方政府债务限额及余额预算情况表
                                                                      单位：亿元
                       2024年债务限额                 2024年债务余额（预算数）
       地区
                         一般债务        专项债务                 一般债务        专项债务
       公式      A=B+C      B           C         D=E+F      E            F
  吉林（中国-新加
                  23.9        10.4     13.6        23.9        10.4      13.6
坡）食品区
     永吉县          61.3        34.3     27.0        61.2        34.1      27.0
     蛟河市          37.5        24.1     13.3        36.7        23.4      13.3
     桦甸市          88.7        54.8     33.9        88.4        54.5      33.8
     舒兰市          66.3        31.7     34.6        65.9        31.4      34.6
     磐石市          87.9        43.2     44.6        87.5        43.0      44.5
 四平市             181.3     104.2       77.1       180.9     103.9        77.0
     四平市本级       165.4        98.7     66.8       165.3        98.6      66.7
     铁西区           6.0         2.0        4.0       6.0         2.0         4.0
     铁东区           9.9         3.6        6.3       9.7         3.4         6.3
     梨树县          77.1        53.2     23.9        75.9        52.0      23.9
     伊通满族自治县      82.5        50.7     31.8        82.3        50.5      31.8
     双辽市          55.6        40.1     15.5        55.2        39.8      15.5
 辽源市             255.8     108.0      147.9       254.8     107.5       147.2
     辽源市本级       235.4        98.0    137.3       234.4        97.7     136.7
     龙山区          10.8         5.1        5.8      10.8         5.0         5.8
     西安区           9.6         4.9        4.8       9.6         4.8         4.8
     东丰县          88.8        38.0     50.8        87.8        37.6      50.2
     东辽县          72.8        39.8     33.0        72.2        39.5      32.7
 通化市             282.9     105.4      177.6       281.0     105.2       175.8
     通化市本级       245.0        97.0    148.0       243.3        96.9     146.4
     东昌区          21.6         3.9     17.6        21.4         3.9      17.5
     二道江区         16.4         4.4     11.9        16.3         4.4      11.9
     通化县          75.8        38.6     37.2        75.7        38.4      37.2
     辉南县          65.3        37.1     28.3        65.0        36.8      28.2
     柳河县          50.1        23.3     26.8        49.9        23.1      26.8
     梅河口市        197.6        67.5    130.1       197.1        67.1     130.0
     集安市          76.2        42.1     34.1        76.0        41.9      34.1
 白山市             218.2     131.6       86.5       217.2     130.8        86.5
     白山市本级        99.6        53.5     46.1        99.0        53.0      46.1
     浑江区          51.4        32.5     19.0        51.4        32.4      19.0
表1

       吉林省2024年地方政府债务限额及余额预算情况表
                                                                       单位：亿元
                        2024年债务限额                 2024年债务余额（预算数）
       地区
                          一般债务        专项债务                 一般债务        专项债务
       公式       A=B+C      B           C         D=E+F      E            F
     江源区           67.1        45.6     21.5        66.8        45.4      21.4
     抚松县           93.2        50.7     42.6        92.3        50.0      42.3
     靖宇县           35.1        24.6     10.5        34.5        24.6         9.9
     长白朝鲜族自治县      42.1        33.2        8.9      41.9        33.0         8.9
     临江市           53.8        31.8     22.0        53.5        31.5      22.0
 松原市              311.6     134.0      177.6       309.9     132.5       177.4
     松原市本级        288.4     117.5      170.8       286.7     116.1       170.6
  宁江区              23.2        16.4        6.8      23.2        16.4         6.8
  前郭尔罗斯蒙古族
                   88.5        43.9     44.7        88.4        43.7      44.7
自治县
  长岭县              26.8        23.8        3.0      26.5        23.5         3.0
     乾安县           36.6        26.1     10.5        36.3        25.7      10.5
     扶余市           74.1        36.0     38.1        73.2        35.4      37.9
 白城市              159.5     107.8       51.7       158.4     106.9        51.6
     白城市本级        134.7        91.5     43.2       133.8        90.7      43.1
     洮北区           24.8        16.3        8.6      24.6        16.2         8.5
     镇赉县           27.6        17.7     10.0        27.4        17.5      10.0
     通榆县           80.3        45.8     34.5        79.6        45.2      34.4
     洮南市           53.5        29.7     23.8        52.5        29.4      23.1
     大安市           53.2        29.7     23.5        52.6        29.1      23.5
 延边朝鲜族自治州         855.3     399.6      455.7       850.4     396.2       454.2
   延边朝鲜族自治州
                   25.7        18.3        7.3      25.5        18.2         7.3
本级
   延吉市            208.2        92.1    116.1       207.5        91.4     116.1
     图们市           51.2        25.8     25.4        51.0        25.6      25.4
     敦化市          108.1        44.4     63.7       107.8        44.1      63.7
     珲春市          172.3        59.3    113.0       170.1        57.9     112.2
     龙井市           77.2        36.3     40.9        76.8        36.1      40.6
     和龙市           75.9        41.6     34.3        75.7        41.5      34.2
     汪清县           62.0        36.9     25.1        61.5        36.7      24.8
     安图县           74.8        44.9     29.9        74.6        44.7      29.9
 长白山管委会            91.8        46.3     45.6        91.5        46.0      45.5
     长白山管委会本级      91.8        46.3     45.6        91.5        46.0      45.5

注：1.本表反映上一年度本地区、本级分地区地方政府债务限额及余额预计执行数。
  2.本表由县级以上地方各级财政部门在同级人民代表大会批准预算后二十日内公开。
表2


          吉林省地方政府一般债务余额情况表
                                           单位：亿元

           项目             预算数             执行数

一.2023年末地方政府一般债务余额实际数                           4,387.6

二.2024年末地方政府一般债务余额限额            4,629.6

三.2024年地方政府一般债务发行额                               412.3

 中央转贷地方的国际金融组织和外国政府贷款                               1.6

 2024年地方政府一般债券发行额                                410.7

四.2024年地方政府一般债务还本额                               302.0

五.2024年末地方政府一般债务余额预计执行数                         4,584.5

六.2025年地方财政赤字                       0.0

七.2025年地方政府一般债务余额限额                 0.0
表3


         吉林省地方政府专项债务余额情况表
                                           单位：亿元

           项目             预算数             执行数

一.2023年末地方政府专项债务余额实际数                           4,483.9

二.2024年末地方政府专项债务余额限额            6,461.1

三.2024年地方政府专项债务发行额                              1,222.8

四.2024年地方政府专项债务还本额                               700.1

五.2024年末地方政府专项债务余额预计执行数                         5,408.9

六.2025年地方政府专项债务新增限额              320.0

七.2025年地方政府专项债务余额限额                 0.0
表4


        吉林省地方政府债券发行及还本付息情况表

                                          单位：亿元

       项目        公式      本地区             本级

一.2024年发行预计执行数   A=B+D         1,633.5        168.5

（一）一般债券            B            410.7          70.7

     其中：再融资债券      C            208.2          50.0

（二）专项债券           D            1,222.8         97.8

     其中：再融资债券      E            685.8          48.8

二.2024年还本预计执行数   F=G+H          509.9          56.6

（一）一般债券           G             212.6          55.6

（二）专项债券           H             297.3           1.0

三.2024年付息预计执行数   I=J+K          295.9          30.4

（一）一般债券            J            143.9          25.0

（二）专项债券           K             152.0           5.4

四.2025年还本预算数     L=M+O          435.8          41.0

（一）一般债券           M             326.7          29.8

     其中：再融资                     295.9          26.6

     财政预算安排       N              30.8           3.2

（二）专项债券           O             109.1          11.3

     其中：再融资                      95.0           4.1

     财政预算安排        P             14.1           7.2

五.2025年付息预算数     Q=R+S          311.1          31.6

（一）一般债券           R             143.4          24.0

（二）专项债券            S            167.7           7.7

注：1.本表反映本地区和本级上一年地方政府债券（含再融资债券）发行及还本付息预计执行数、
    本年度地方政府债券还本付息预算数等。
  2.本表由县级以上地方各级财政部门在本级人民代表大会批准预算后二十日内公开。
