2024年度新疆维吾尔自治区政府债务限额、余额（含一般债务限额、余额和专项债务限额、余额）情况表
单位：亿元；原官方决算附件分别列示一般债务和专项债务，合计按 A=B+C、D=E+F 重构
乌鲁木齐市 2166.70 535.01 1631.69 2083.50 494.60 1588.90
克拉玛依市 294.88 173.27 121.61 270.25 152.32 117.93
伊犁哈萨克自治州 1012.63 327.29 685.34 991.06 315.87 675.19
塔城地区 492.34 193.93 298.41 475.67 181.00 294.67
阿勒泰地区 474.93 192.61 282.32 464.87 182.97 281.90
博尔塔拉蒙古自治州 405.81 152.38 253.43 394.38 141.42 252.96
昌吉回族自治州 828.37 297.25 531.12 804.19 280.27 523.92
巴音郭楞蒙古自治州 728.30 239.80 488.50 712.98 228.67 484.31
阿克苏地区 808.75 277.32 531.43 786.19 257.18 529.01
克孜勒苏柯尔克孜自治州 290.73 163.33 127.40 282.43 155.03 127.40
喀什地区 980.88 329.04 651.84 966.50 315.36 651.14
和田地区 675.63 299.10 376.53 664.76 288.52 376.24
吐鲁番市 288.08 91.73 196.35 281.65 85.84 195.81
哈密市 375.59 161.11 214.48 354.62 141.54 213.08
